25.811 34.546
22.271 16.589
28.984 18.187
19.452 30.612
8.8704 20.462
27.776 16.333
29.598 20.467
30.023 18.864
27.518 19.327
17.112 15.387
30.33 32.204
19.193 15.259
25.545 33.845
20.316 14.258
11.796 22.929
33.774 17.321
13.724 14.437
36.935 26.149
33.404 27.57
17.857 28.053
31.236 30.86
16.685 21.83
35.795 22.272
31.671 27.069
36.086 33.649
30.947 24.864
24.622 35.268
20.131 21.759
18.608 26.141
15.753 22.837
17.824 17.115
23.283 19.096
32.871 30.559
31.056 20.681
21.742 14.541
20.375 21.071
37.509 28.832
33.812 26.951
31.93 29.245
36.415 28.132
42.319 23.259
27.887 19.187
36.399 13.347
25.315 19.16
14.419 27.389
17.967 23.425
38.165 22.152
18.276 27.297
25.732 13.776
28.641 17.462
34.404 21.83
19.184 21.034
24.535 32.115
31.109 20.987
23.314 31.44
25.194 18.19
28.714 20.488
27.984 15.351
21.989 33.164
31.571 24.532
18.933 26.171
29.914 38.703
30.486 11.496
19.518 12.374
33.185 29.079
29.248 19.094
20.627 19.824
24.896 32.733
18.617 24.863
30.369 31.919
21.076 30.464
22.159 15.851
34.203 30.036
33.823 30.574
39.538 16.139
35.263 41.658
10.297 24.223
17.319 28.235
33.985 21.131
14.956 25.455
22.645 33.303
32.8 24.431
33.101 25.94
18.564 20.999
27.282 15.974
10.661 18.927
21.729 17.338
34.181 19.404
23.705 15.457
26.648 16.359
28.795 18.755
21.78 17.963
33.294 27.371
23.574 14.405
25.996 8.192
22.333 34.085
20.381 18.652
18.824 23.743
22.389 18.757
29.058 16.991
16.157 26.066
30.623 27.085
32.49 21.312
19.647 29.7
21.028 10.171
37.404 30.448
25.108 32.027
37.38 20.891
22.407 15.553
35.371 26.235
18.213 21.257
36.281 26.327
30.33 17.156
32.833 24.828
19.806 18.503
26.71 36.557
27.378 30.784
18.852 30.807
15.441 28.608
36.019 26.933
29.893 28.422
31.128 33.749
15.578 20.592
21.398 19.726
29.356 15.286
38.033 36.623
40.327 35.387
33.464 19.434
19.371 17.129
12.052 27.216
29.405 32.288
27.301 17.482
33.355 17.027
33.454 22.642
26.302 34.745
29.918 17.131
18.731 17.412
32.777 26.482
33.341 25.822
33.288 21.9
27.75 32.708
31.132 27.11
18.347 27.83
34.121 27.902
28.4 31.59
17.199 26.082
14.532 22.449
21.032 20.589
32.771 30.038
19.072 27.544
29.96 33.154
30.185 20.8
27.512 17.963
28.906 19.598
16.328 21.423
16.121 15.964
30.26 19.864
14.553 15.447
35.377 24.4
30.607 29.639
18.801 30.204
20.71 15.137
35.401 29.37
17.709 14.856
36.428 41.748
31.899 23.576
41.171 18.987
26.873 15.89
25.553 34.489
38.183 25.195
28.405 18.761
29.925 17.176
24.638 31.372
33.958 19.155
17.18 21.961
18.404 14.013
28.656 30.98
19.931 28.237
23.766 32.204
22.97 34.505
21.811 31.83
17.858 30.915
29.786 15.373
19.332 22.424
18.582 21.077
31.314 25.072
40.983 35.447
16.753 17.3
21.093 20.362
30.674 14.642
18.979 22.891
5.3208 17.112
29.796 32.08
8.7941 24.746
23.972 33.216
17.777 13.52
32.04 26.304
27.403 31.562
29.994 17.036
36.877 26.044
31.17 28.735
32.653 28.593
25.687 16.179
18.275 29.19
31.679 24.881
16.083 15.375
15.217 24.95
25.358 31.488
24.626 12.757
32.838 22.561
21.847 19.929
23.916 18.003
13.731 19.157
39.804 23.01
31.326 33.625
25.78 18.302
22.182 13.943
33.242 23.368
32.345 25.315
33.557 28.751
27.154 32.668
15.474 26.915
32.638 17.37
17.762 24.15
23.133 18.351
37.725 19.11
31.718 24.152
30.622 18.89
17.579 20.134
17.307 26.155
29.78 39.632
13.195 24.367
33.521 22.113
33.411 18.841
18.303 23.115
36.333 26.519
26.86 18.483
31.739 19.813
33.543 32.166
38.866 24.438
29.591 19.555
9.42 25.508
20.416 29.15
22.371 19.096
25.319 33.87
36.334 28.541
29.129 20.651
31.542 24.473
14.183 25.535
29.623 32.937
29.519 28.915
26.356 16.405
26.433 17.428
30.764 15.949
28.919 37.259
21.512 31.311
23.174 31.899
16.016 29.916
30.255 18.913
20.602 17.972
19.195 22.575
22.888 34.669
29.137 10.086
25.33 17.798
30.012 18.708
30.532 28.7
16.605 26.546
27.696 31.688
29.862 32.018
22.12 17.421
23.332 30.711
27.524 16.11
25.497 18.614
18.009 19.669
22.827 17.109
17.952 22.384
34.277 39.927
26.649 17.574
17.693 29.69
16.288 21.744
17.672 23.03
18.133 28.099
31.11 26.216
36.491 23.22
15.425 23.246
11.791 17.746
32.187 26.704
34.833 23.658
38.843 18.496
32.554 30.661
35.899 20.69
15.363 22.473
19.591 32.015
34.313 35.289
37.404 27.468
31.706 14.238
18.451 24.431
32.197 25.407
35.689 25.608
32.993 23.934
33.11 16.121
37.052 25.359
35.23 18.555
19.41 28.891
33.78 13.1
27.538 19.439
27.804 33.04
32.049 21.403
18.825 17.2
19.401 21.155
26.214 35.344
28.354 29.878
20.532 17.9
35.435 22.233
10.809 14.226
16.23 26.5
16.256 25.115
21.995 30.646
29.133 18.918
28.86 30.509
19.307 26.913
19.046 29.463
26.909 34.545
24.519 31.527
19.61 31.784
32.963 22.662
36.428 16.755
25.424 19.048
19.978 17.066
17.851 26.466
31.342 25.214
28.615 20.197
21.939 19.895
29.005 16.379
21.212 16.973
15.777 25.66
21.574 30.923
22.623 30.791
22.201 18.032
19.62 20.491
17.707 23.403
35.433 29.515
24.612 31.622
14.828 21.187
25.08 13.842
13.495 27.548
23.996 18.525
34.061 19.766
29.972 20.854
26.161 18.928
18.242 26.322
22.615 33.42
33.46 20.674
16.635 23.681
39.665 27.832
30.679 27.514
38.218 14.796
35.429 29.65
29.691 32.222
19.989 19.456
21.583 30.547
34.638 23.151
18.607 19.54
20.022 19.292
16.741 23.159
33.879 17.937
30.591 32.898
26.19 31.188
18.132 24.302
20.138 20.256
30.031 33.037
32.531 25.87
25.906 12.269
32.916 24.215
25.195 34.175
15.18 16.542
20.006 31.668
25.239 8.5102
31.053 27.215
34.515 31.862
30.196 33.062
22.427 31.485
18.702 16.887
28.461 33.086
18.47 18.767
29.314 18.978
20.789 15.095
36.078 33.786
22.645 19.207
26.688 31.342
34.586 18.172
11.585 23.363
29.071 13.862
28.848 16.532
30.49 30.587
24.718 35.748
29.328 16.742
33.567 18.231
30.659 26.552
35.009 31.381
30.59 20.854
20.163 31.137
20.618 20.59
18.728 19.382
33.394 19.274
26.404 31.122
32.883 23.08
16.938 27.843
30.194 15.782
33.798 23.722
17.221 17.944
27.675 16.56
23.825 32.122
36.038 20.498
22.843 30.437
32.979 24.506
30.077 29.503
18.442 27.395
17.253 18.092
19.534 21.633
22.05 30.986
33.869 15.099
23.342 15.942
34.956 19.743
18.88 29.343
24.348 16.467
28.084 36.801
26.875 35.058
15.556 26.625
24.318 32.971
43.86 26.928
34.463 29.62
30.038 18.506
21.712 13.56
31.326 23.669
12.189 22.462
12.136 20.654
13.381 28.011
28.423 33.542
32.549 24.228
22.074 18.117
21.443 33.197
24.973 13.727
12.713 24.327
21.065 18.288
20.237 19.216
25.908 16.605
20.049 30.999
18.073 22.46
29.426 14.564
11.149 15.706
30.107 28.182
28.005 18.84
18.468 24.226
19.115 30.708
26.568 37.01
33.308 22.41
31.307 24.541
22.029 16.928
38.326 38.068
26.097 18.78
31.657 27.198
29.909 15.702
25.431 16.656
13.196 22.432
26.055 19.228
39.17 30.979
34.035 16.268
30.461 29.3
36.314 18.002
29.234 17.695
26.916 30.799
30.62 31.898
22.398 19.602
22.93 18.35
16.311 26.701
15.107 24.275
19.198 27.011
25.795 18.862
16.438 21.326
33.827 30.604
31.832 24.898
29.335 18.176
19.157 24.078
14.866 20.302
32.553 22.532
27.428 31.503
17.429 24.748
19.217 24.039
26.306 37.091
28.786 14.495
31.298 30.096
24.934 35.13
32.725 33.544
19.954 27.913
35.569 23.696
25.55 16.559
27.644 31.941
30.884 30.752
16.111 29.147
26.399 35.12
19.905 19.863
25.816 17.565
27.065 18.541
14.424 25.553
33.334 33.092
32.971 19.697
22.385 31.596
15.755 22.807
21.664 19.755
26.793 11.091
20.696 33.048
27.572 11.048
10.36 20.013
27.937 32.769
17.299 29.944
16.449 27.222
38.113 22.11
22.195 19.893
22.156 17.522
23.233 33.348
29.799 20.133
28.307 19.869
24.168 16.403
40.569 26.6
18.735 16.792
26.874 18.267
30.291 27.67
30.202 6.5789
30.151 32.468
30.509 17.063
29.365 34.861
32.056 31.525
25.977 31.851
28.584 35.7
25.343 9.385
18.071 12.645
32.856 26.642
35.879 23.484
19.896 30.971
22.758 32.948
31.845 17.399
28.56 34.473
12.771 21.517
11.948 21.401
17.27 22.403
26.855 18.414
20.876 31.548
17.096 26.708
18.119 28.98
28.553 29.627
14.592 19.761
20.19 28.561
24.1 33.166
22.239 19.251
13.916 26.337
32.596 27.08
18.846 27.354
30.993 25.964
15.98 25.779
34.588 18.289
22.82 17.518
35.382 26.314
33.091 15.806
37.943 20.983
24.405 32.071
24.91 18.615
27.861 30.213
28.476 38.201
22.117 31.441
26.159 31.63
16.905 18.207
18.889 28.055
29.64 15.384
27.943 30.72
35.076 13.752
18.276 23.566
31.507 22.286
18.35 21.604
14.551 20.736
30.261 35.571
26.239 17.809
21.449 29.95
15.362 27.237
20.871 19.314
38.227 21.896
18.458 26.982
31.743 23.935
32.29 15.306
24.168 32.773
30.324 19.085
33.765 16.493
16.413 24.687
30.156 12.885
28.675 15.404
31.087 22.441
16.598 25.836
30.323 33.778
31.286 18.545
18.214 16.971
26.143 16.277
19.991 17.136
32.825 28.746
31.979 26.853
22.398 18.796
33.256 30.127
34.126 25.381
36.379 33.983
35.823 37.394
16.195 20.645
18.886 25.032
32.341 16.909
19.913 10.876
35.433 29.635
33.355 26.833
18.911 27.849
20.231 31.124
27.328 14.464
22.428 30.803
22.715 32.835
30.047 12.09
32.741 28.445
25.986 32.263
24.901 17.51
29.762 18.365
14.431 27.765
18.598 25.343
26.297 18.899
20.082 28.583
23.864 31.105
27.411 34.406
14.051 25.269
33.147 17.168
32.283 24.762
16.055 24.42
32.495 13.454
35.361 25.807
22.505 17.38
33.91 29.235
16.484 28.71
21.551 32.106
14.902 13.562
18.34 26.73
28.248 13.727
24.954 34.335
33.593 22.164
18.941 30.026
31.958 26.728
26.188 15.012
23.454 18.022
17.651 22.799
27.59 37.27
43.287 26.959
32.005 29.985
15.863 15.574
14.791 25.131
19.068 30.495
18.267 20.452
32.183 21.654
31.763 37.095
14.248 21.999
17.802 29.159
17.705 21.799
19.268 27.899
13.654 15.244
33.313 24.272
33.263 25.286
18.11 28.056
30.473 27.776
18.944 26.733
32.479 20.848
24.929 31.434
15.658 18.354
33.063 13.128
26.974 14.985
33.542 29.711
37.937 34.214
31.261 27.356
36.857 25.866
24.806 33.272
22.784 30.428
15.716 13.55
19.973 29.976
37.331 26.149
14.571 27.612
13.074 21.765
16.196 23.95
35.887 14.725
33.604 33.082
21.567 33.068
27.697 31.162
30.043 18.524
18.428 15.44
31.993 21.539
29.076 18.207
33.589 30.178
20.544 20.616
34.231 30.616
21.609 30.757
30.211 32.484
19.957 29.28
25.664 34.603
27.246 18.745
17.202 15.768
21.593 31.653
25.892 14.426
30.538 22.021
31.724 16.207
15.728 18.15
29.395 28.826
27.61 17.895
14.954 29.534
19.645 28.745
16.216 25.742
15.49 13.5
30.919 15.014
19.964 30.351
34.101 32.767
34.199 35.342
17.183 22.505
12.713 23.588
22.39 18.608
26.692 32.673
21.892 11.369
33.239 29.014
32.934 20.903
26.057 34.534
20.991 20.681
15.182 27.013
16.909 25.146
29.532 30.872
32.522 29.494
32.627 30.88
22.839 32.511
9.8428 24.616
31.095 35.501
21.952 32.906
24.295 18.354
30.488 29.641
22.564 18.786
38.188 32.16
27.342 19.557
35.181 26.7
23.36 18.26
30.746 26.467
21.522 14.006
30.098 20.441
22.286 31.088
31.252 29.597
32.403 22.539
18.361 26.581
31.452 23.676
17.7 23.047
17.759 24.716
29.365 32.832
14.622 18.893
28.297 17.737
12.731 25.882
19.408 22.602
31.918 21.692
28.114 13.535
15.812 29.021
26.138 34.715
28.767 30.315
20.662 30.979
28.748 16.545
22.357 18.798
32.285 30.185
25.599 16.485
23.7 30.705
24.647 18.654
18.673 27.462
28.118 30.662
30.432 32.449
30.59 30.236
29.754 31.877
28.413 12.712
27.085 16.82
23.681 16.82
19.193 20.983
27.281 16.883
33.296 28.456
23.58 17.9
19.294 22.927
13.713 27.661
33.251 30.731
30.083 28.891
18.043 30.052
29.469 35.651
17.884 17.977
40.333 23.769
20.343 18.645
35.335 19.132
22.596 15.193
16.765 17.513
23.107 31.134
38.277 22.981
20.2 19.913
34.728 18.954
33.769 24.943
28.761 12.32
31.351 30.603
14.604 20.883
31.938 20.253
26.988 30.627
34.244 22.609
24.667 33.322
22.791 19.593
17.519 29.126
18.907 18.425
29.045 17.519
30.487 14.229
22.972 17.983
13.537 20.585
33.563 31.764
35.824 23.493
31.15 20.01
29.897 28.962
25.938 15.55
21.623 10.904
32.874 23.121
30.965 21.568
26.634 18.59
22.491 18.976
29.309 16.798
23.417 18.616
31.743 31.179
26.75 18.58
21.78 12.169
27.038 12.921
35.907 16.183
22.696 33.571
34.509 32.281
28.504 33.874
17.705 27.923
14.472 28.723
16.704 22.326
31.464 22.69
28.243 18.268
14 28.915
25.45 13.43
17.443 21.288
20.968 31.84
32.354 32.02
16.853 24.558
16.965 26.267
28.262 32.125
12.143 27.095
36.718 28.749
30.002 16.499
31.456 33.398
20.763 13.306
23.092 19.029
32.79 19.113
17.634 29.888
32.892 23.647
31.681 25.701
22.073 15.037
29.805 30.899
33.564 19.631
31.038 27.647
31.237 10.815
31.271 31.152
32.086 17.936
26.019 33.987
14.219 19.755
27.149 33.891
35.033 21.607
14.667 18.467
26.336 34.663
34.161 35.51
17.162 13.187
36.991 16.382
16.25 20.709
17.421 23.476
17.404 17.089
18.997 26.381
24.844 18.972
32.877 27.351
22.829 18.692
18.439 22.181
18.967 25.561
19.405 28.343
33.213 19.823
24.268 33.301
16.55 28.627
27.876 17.433
38.245 30.793
21.486 30.899
14.333 22.403
20.544 32.062
20.458 32.198
36.912 26.868
17.983 24.392
19.078 22.761
21.677 31.176
20.705 20.548
22.988 19.083
18.274 28.013
31.408 23.027
15.196 27.014
42.447 28.679
16.561 20.837
31.397 16.812
27.206 18.802
31.08 25.651
15.73 23.452
24.335 33.229
30.797 19.276
35.788 14.32
31.454 33.027
32.131 24.026
41.246 27.411
23.35 19.414
28.357 29.853
32.096 25.192
24.62 14.185
29.553 32.026
17.366 24.998
32.185 33.107
25.409 15.796
14.061 19.63
21.812 18.144
28.674 16.292
33.025 15.887
17.974 25.721
16.936 26.082
32.014 31.011
29.975 20.265
37.114 28.559
13.56 18.008
24.533 31.833
20.293 28.82
32.096 26.334
26.141 16.808
24.754 34.617
27.811 14.066
35.005 26.004
38.749 32.581
18.853 23.058
36.173 25.913
17.072 29.838
31.667 23.821
37.285 15.649
18.345 23.429
31.692 28.297
20.622 29.422
17.166 26.238
27.098 15.666
35.122 22.3
34.77 20.119
15.903 28.164
29.869 28.281
21.336 19.756
18.007 20.989
22.01 14.64
13.491 22.271
18.852 24.134
28.078 17.07
27.164 31.31
19.592 20.99
30.857 23.133
28.246 17.058
26.35 16.728
22.689 34.107
22.351 32.98
18.353 18.298
21.233 20.175
18.156 16.664
29.517 32.006
19.847 28.015
23.245 33.063
38.26 15.251
12.492 26.834
36.605 29.943
24.41 15.014
16.546 18.902
18.588 21.737
23.208 16.839
28.46 18.467
17.297 27.864
13.457 14.04
36.409 32.678
28.382 20.144
21.751 31.47
27.36 30.615
25.593 35.15
15.721 20.761
24.292 33.612
29.044 29.488
19.199 22.787
31.207 34.211
25.058 33.535
15.353 24.535
34.843 20.544
34.285 27.341
28.652 30.233
32.181 28.235
16.136 19.082
41.37 32.621
