24.2 20.611
26.294 26.961
23.176 28.257
24.674 24.53
23.689 22.921
23.434 20.63
21.91 24.674
23.372 27.546
25.975 26.496
30.26 23.312
26.784 21.036
25.916 24.288
29.221 23.361
24.24 22.764
24.275 25.869
25.937 20.731
27.256 29.602
26.158 29.349
23.508 26.33
24.292 21.903
24.918 26.355
24.351 26.061
21.708 25.798
23.809 26.233
22.822 20.939
23.264 25.308
23.554 24.438
21.465 29.134
28.003 20.56
28.577 23.583
25.132 25.206
22.952 29.531
22.112 21.418
25.644 21.264
24.44 21.749
25.501 23.639
24.671 24.759
23.117 21.241
26.137 26.337
25.389 25.367
25.439 25.237
23.478 22.505
29.565 23.417
26.039 22.211
28.327 23.608
24.802 26.645
21.529 27.049
23.253 23.706
25.379 27.048
22.089 23.284
24.984 24.641
24.436 23.753
26.609 26.024
26.539 26.504
24.876 20.41
24.314 22.423
25.738 28.741
25.294 24.025
25.059 29.376
21.976 28.506
27.291 23.776
29.363 26.969
26.299 24.776
20.494 22.074
25.484 24.199
20.685 24.153
23.474 28.306
22.991 24.644
25.014 24.922
22.995 27.334
22.272 26.202
22.131 27.871
25.928 21.674
24.826 25.203
26.501 22.722
27.427 22.634
26.668 22.409
24.028 29.108
26.731 22.494
21.062 26.749
26.424 20.051
24.577 29.306
20.123 22.19
24.424 27.807
28.269 21.342
27.585 23.905
22.733 23.466
25.933 24.83
27.835 28.52
25.249 29.615
24.628 22.282
23.648 27.576
22.237 23.658
29.671 28.063
26.926 30.324
27.549 21.477
29.762 26.907
21.247 24.31
23.476 24.076
22.3 25.879
22.016 24.763
21.588 24.016
26.344 24.431
23.522 28.205
27.006 30.191
24.662 27.042
27.469 23.149
24.659 23.1
27.573 26.843
28.246 20.402
23.664 28.408
23.253 28.005
22.683 20.728
22.567 22.52
24.574 29.783
22.565 22.065
25.011 30.107
24.95 24.743
26.151 23.891
24.897 25.998
25.105 26.394
25.257 25.228
24.267 22.63
21.587 25.299
19.87 25.062
26.739 21.861
21.113 21.378
25.721 24.985
29.128 23.656
24.091 25.785
27.995 28.234
20.747 24.297
29.641 22.703
29.137 27.63
24.223 20.489
27.02 29.074
29.952 23.919
22.248 20.045
25.492 28.655
24.611 24.226
23.84 25.723
21.898 26.362
25.713 24.592
24.827 27.637
25.124 24.102
27.125 24.99
22.774 25.635
24.868 21.506
23.958 29.913
25.182 25.798
22.122 23.132
24.82 24.498
26.132 26.161
23.187 27.917
24.111 21.651
23.273 25.945
24.796 27.355
23.201 27.454
22.012 26.302
24.472 21.3
20.715 22.106
25.822 27.405
21.425 21.274
28.355 21.618
24.014 26.599
21.048 21.544
28.444 21.71
24.165 20.522
23.836 24.281
22.339 26.79
25.37 26.644
21.749 23.62
26.784 27.633
26.56 22.58
23.929 22.639
22.206 24.949
25.087 21.936
21.28 26.998
22.263 26.345
28.877 23.999
22.331 24.324
24.759 23.386
30.239 24.495
26.966 26.242
24.207 26.708
24.941 25.168
19.489 26.115
27.708 25.535
23.795 23.8
24.547 27.321
24.186 20.443
23.483 23.847
22.678 22.854
25.219 26.41
27.248 25.477
28.902 20.781
27.302 23.73
26.285 25.925
22.426 23.252
28.309 24.13
24.607 26.34
23.53 23.381
28.188 26.491
28.724 21.065
23.613 24.993
25.595 23.133
26.11 21.864
26.79 20.697
20.605 25.082
24.286 26.648
22.971 27.378
24.226 20.723
24.452 22.523
21.907 22.644
20.717 22.362
24.866 24.112
27.157 26.177
25.213 23.719
25.945 27.536
27.778 27.767
24.437 30.584
26.621 25.403
25.019 24.035
27.713 26.409
24.697 22.834
25.379 23.557
26.396 22.865
28.585 28.005
22.725 24.53
20.113 22.896
25.924 28.882
29.387 25.399
24.643 23.758
24.806 24.382
24.557 22.459
22.526 26.871
28.243 20.454
25.365 24.983
27.476 22.07
27.385 25.119
26.255 20.544
25.849 27.632
24.757 24.877
22.563 28.343
28.28 26.487
26.525 22.149
23.046 28.61
24.987 25.53
25.109 19.801
23.335 23.049
26.436 22.094
23.05 23.236
24.537 24.886
27.291 22.814
26.628 29.843
22.078 22.535
27.467 26.342
22.74 20.089
23.862 27.006
23.636 23.195
24.427 29.733
20.727 24.75
20.15 22.865
20.474 23.469
20.329 26.67
24.701 28.668
25.832 25.045
24.689 29.572
26.164 24.239
20.609 21.43
22.446 27.762
27.873 27.253
25.836 25.726
25.258 27.646
23.008 26.038
26.371 25.259
24.082 21.068
22.33 23.449
26.536 24.125
21.098 22.652
24.849 24.444
23.152 24.395
25.601 30.74
23.118 24.208
26.48 25.007
21.544 26.345
25.525 26.048
23.069 28.227
25.543 20.853
25.77 19.407
27.332 28.938
27.453 28.711
24.353 24.948
22.883 26.945
20.981 29.101
21.898 25.12
29.383 21.546
20.391 25.281
26.788 27.156
29.188 25.845
23.501 27.097
25.51 24.951
25.301 23.722
24.769 27.756
27.123 26.286
28.855 27.719
23.865 20.99
25.633 29.105
26.978 25.206
22.977 24.844
23.742 26.965
27.277 22.942
20.584 25.522
23.284 26.833
24.813 23.509
22.913 25.107
24.592 21.714
23.288 26.849
23.076 27.108
22.258 24.103
19.593 25.087
21.607 25.088
22.621 20.047
29.76 24.3
26.635 27.453
22.841 23.975
24.333 25.698
23.068 24.498
27.508 20.526
27.288 23.136
26.222 25.732
27.483 24.448
21.191 26.012
24.442 29.262
21.703 27.283
24.473 28.486
21.728 26.111
26.549 22.661
24.833 25.95
25.068 27.011
25.955 24.653
20.994 27.873
26.803 24.342
25.965 23.026
24.042 23.818
21.229 23.378
22.511 25.436
24.713 23.522
26.112 29.34
22.569 21.037
27.715 28.54
26.926 21.773
22.099 29.857
24.339 20.244
25.251 24.023
23.338 28.597
26.97 23.512
28.729 22.091
21.798 26.051
26.515 24.501
27.108 24.019
22.67 29.319
24.684 22.164
25.47 24.493
22.393 25.186
23.912 26.263
25.088 20.05
28.963 24.712
29.779 25.946
24.607 26.273
23.258 29.012
23.667 25.564
22.085 26.796
22.084 28.43
25.936 26.351
24.154 24.206
24.802 20.907
27.145 29.335
23.295 19.86
25.235 28.304
24.974 22.862
21.35 25.986
30.571 25.871
27.779 29.983
22.298 27.184
27.29 28.272
25.096 25.412
27.012 29.579
23.715 29.174
20.713 26.91
25.026 25.617
20.403 22.167
27.79 23.791
25.088 25.77
24.661 20.618
28.123 21.569
22.462 23.499
26.696 24.867
22.776 26.447
27.637 27.903
27.652 23.168
20.295 24.892
26.578 26.645
25.047 30.556
28.199 26.003
21.074 24.99
25.95 24.159
25.263 26.118
24.453 24.56
21.724 20.645
23.774 29.695
25.483 26.769
28.822 27.925
23.931 23.676
25.516 21.891
29.02 23.06
26.475 23.261
25.806 24.034
21.028 26.323
29.076 27.943
20.435 28.113
27.34 21.98
25.186 28.18
25.847 20.424
27.591 27.581
23.213 25.887
22.705 22.605
23.427 28.012
23.386 23.032
21.277 24.129
29.094 22.533
25.588 24.354
26.078 23.175
28.958 24.849
23.868 24.293
26.899 25.891
25.417 20.007
25.173 24.384
25.049 26.038
25.438 23.663
28.49 25.694
26.923 24.528
26.241 26.844
20.023 26.25
29.793 22.168
24.707 26.069
28.222 20.584
27.051 27.648
26.574 26.35
28.818 25.671
23.348 28.553
28.245 24.617
29.033 22.266
27.097 23.269
22.953 20.341
27.238 23.184
26.652 22.387
26.503 22.688
26.71 28.335
22.745 24.285
26.124 23.453
24.324 21.616
25.659 27.084
25.394 24.558
23.292 27.249
25.397 26.843
24.786 28.994
23.734 21.396
21.34 21.649
24.467 29.091
23.822 21.196
21.651 25.649
24.404 21.154
26.556 21.767
24.012 28.934
26.213 23.506
29.249 22.669
20.917 27.402
26.016 25.681
24.384 22.94
21.172 25.809
23.133 20.34
20.639 23.574
25.54 23.069
25.349 25.405
22.633 29.059
25.268 24.658
27.394 29.603
24.377 29.282
29.608 25.531
22.185 21.397
23.304 22.7
23.921 26.187
26.84 25.914
25.289 25.9
21.309 21.195
23.73 24.148
21.428 25.173
24.38 26.699
23.442 26.249
22.242 25.066
23.162 22.958
25.151 26.532
26.696 22.477
28.244 28.206
27.37 25.002
25.495 22.428
21.337 26.307
26.025 24.64
25.027 21.916
23.753 20.213
23.677 20.786
22.236 25.572
30.581 26.637
22.062 27.051
23.854 23.521
25.375 21.627
24.784 23.31
24.858 26.878
23.532 20.128
24.638 22.196
25.766 27.56
21.31 22.414
22.122 20.167
25.557 22.64
28.839 22.233
22.456 23.936
22.463 25.533
30.321 23.816
23.357 26.976
22.964 24.179
28.11 25.391
27.144 25.728
21.849 24.789
25.811 27.596
27.692 23.601
26.245 26.198
24.221 27.944
27.755 23.948
21.076 20.941
27.637 24.874
21.898 25.157
24.091 23.327
29.454 24.7
25.348 28.147
25.699 25.336
22.533 25.039
21.838 21.042
27.227 24.084
26.246 24.643
28.634 24.43
25.195 19.611
22.988 29.956
22.213 27.013
28.608 24.572
24.911 24.803
27.654 26.68
21.138 24.457
24.858 22.879
27.446 28.896
25.356 28.99
25.136 24.467
25.389 26.26
21.647 23.506
20.098 23.336
22.073 26.041
22.773 24.84
20.528 23.502
25.549 26.823
30.45 23.495
21.102 26.638
27.813 25.327
20.435 24.829
26.828 28.073
27.665 22.463
22.37 24.717
25.908 28.597
20.787 25.724
28.122 25.693
21.991 25.397
25.722 20.831
21.075 27.558
24.811 26.771
23.409 25.619
24.24 30.003
22.866 25.854
22.55 23.326
23.473 26.042
23.64 29.618
27.748 29.539
24.286 28.475
20.427 23.557
24.293 22.415
25.548 28.602
20.77 25.944
25.268 21.928
24.301 22.806
26.001 26.276
26.178 21.267
28.42 22.609
26.598 27.535
24.2 23.607
23.785 22.471
25.742 23.873
26.898 26.469
25.545 27.675
26.71 22.176
24.006 26.382
27.068 25.735
27.414 25.277
23.039 24.823
25.206 27.994
23.5 22.923
29.681 23.786
26.619 24.305
29.149 25.28
22.322 25.125
21.693 25.837
21.484 20.419
24.23 21.072
26.864 24.98
28.872 24.202
29.123 28.099
24.811 24.151
26.913 25.258
23.966 26.384
22.742 24.178
30.328 25.162
23.432 27.883
29.857 24.256
29.01 22.726
23.405 26.88
26.493 23.424
24.007 25.147
22.678 23.849
24.212 26.81
20.602 24.149
23.247 25.774
22.446 20.187
23.173 26.666
23.23 25.061
20.398 25.12
21.591 23.488
27.779 23.679
24.577 23.583
30.505 26.058
26.067 20.567
25.743 24.417
23.24 20.802
28.08 28.019
23.268 29.772
29.157 27.557
29.402 22.168
24.33 24.605
24.635 20.659
20.246 24.142
23.271 24.853
23.114 25.766
22.978 23.683
25.62 29.673
24.31 25.386
27.866 24.161
27.789 22.816
22.916 26.492
28.078 22.321
22.013 29.755
21.591 23.533
26.937 24.333
27.753 23.648
25.365 27.344
26.397 26.351
23.988 23.204
26.111 24.75
26.851 27.398
23.596 22.955
26.522 25.823
23.069 26.918
25.439 26.015
20.532 26.935
24.92 24.904
25.829 22.277
23.396 25.064
24.248 26.241
24.493 26.689
25.666 26.568
28.128 25.141
24.415 24.155
24.719 21.121
24.846 29.227
25.311 23.508
22.97 20.677
27.521 29.634
22.131 23.778
29.796 26.587
30.364 23.136
25.566 27.198
26.674 26.12
25.001 25.536
23.41 27.016
23.43 21.231
26.713 22.905
24.781 26.525
22.275 22.785
28.982 26.718
28.407 24.212
23.977 24.417
28.088 23.766
26.042 22.419
25.593 22.747
23.102 26.413
28.042 23.319
28.996 21.509
23.862 20.49
21.549 27.411
20.919 23.534
29.378 24.402
23.7 21.142
22.444 29.677
27.009 25.989
23.372 22.898
22.426 24.303
24.94 26.759
24.883 23.573
26.25 22.651
20.877 21.411
27.242 25.848
28.389 26.243
21.163 26.441
23.127 22.943
28.657 27.507
26.498 24.911
23.868 29.415
27.731 27.925
21.999 23.987
22.416 24.077
23.472 21.198
27.011 25.396
24.532 26.031
26.187 23.848
26.918 25.514
26.357 28.129
27.749 21.141
25.167 22.411
28.498 24.617
28.245 25.808
26.73 22.777
21.518 26.508
23.558 22.123
23.383 23.107
27.843 25.414
28.275 29.635
24.11 25.805
27.69 22.205
20.508 24.697
24.662 25.059
29.322 23.611
26.689 29.209
27.009 23.326
29.544 26.756
20.096 23.278
23.186 26.729
24.422 24.75
27.201 23.962
26.92 28.051
20.421 21.525
24.637 21.128
26.053 19.5
24.983 21.232
25.414 24.026
26.901 22.599
23.212 20.741
29.915 26.233
26.332 27.993
26.375 24.201
25.849 25.507
27.085 28.75
23.904 28.202
25.235 23.249
25.895 21.702
20.196 23.668
23.149 27.922
19.87 26.812
24.717 27.315
27.506 23.397
26.351 20.414
23.642 24.74
27.369 21.337
22.811 24.324
25.296 26.472
27.94 21.404
24.721 26.624
29.633 23.272
23.716 25.28
22.093 25.608
29.653 25.003
30.088 25.069
21.397 25.9
27.964 23.707
23.342 22.379
22.486 22.636
23.525 23.987
30.06 24.641
24.909 24.428
26.203 26.921
21.739 23.78
24.779 29.254
26.315 22.93
22.237 26.914
20.218 28.118
26.539 20.54
27.258 20.389
22.563 23.405
24.26 22.661
25.877 25.712
27.357 23.748
22.22 21.124
24.292 27.722
29.088 23.065
23.889 28.827
22.576 21.197
27.974 21.636
22.833 30.025
29.802 23.261
27.614 22.544
28.473 27.388
27.663 27.007
23.647 22.801
25.352 30.472
22.464 26.142
26.461 25.779
25.711 22.179
29.598 25.46
23.603 24.048
22.979 25.641
26.689 30.003
28.586 25.129
29.436 22.863
21.51 28.205
25.105 24.582
26.264 20.206
24.241 28.771
26.671 23.064
22.482 23.404
21.061 24.1
26.593 25.973
26.039 22.232
28.116 20.343
27.242 25.751
24.3 27.885
27.131 24.196
26.398 25.917
27.925 23.226
25.062 25.648
21.066 22.994
24.603 27.886
26.9 24.664
28.236 25.226
23.558 21.096
29.054 25.489
23.96 30.34
24.887 27.86
26.742 21.282
26.391 23.94
22.578 22.668
20.912 23.526
26.726 24.316
27.235 28.661
24.856 30.624
26.24 30.003
26.592 20.723
19.975 27.304
29.112 26.649
26.155 21.155
28.796 26.542
21.069 25.743
23.07 25.349
20.137 24.454
25.295 26.942
27.187 20.87
25.226 26.669
23.738 20.041
28.944 27.821
26.263 28.988
24.726 22.176
29.37 27.698
23.851 22.1
24.673 30.525
29.06 26.253
25.332 29.377
23.43 27.113
26.359 24.663
23.121 24.978
24.936 22.15
26.258 23.126
22.465 29.237
29.999 22.795
27.067 22.8
27.729 29.114
26.437 25.169
23.404 24.85
22.038 23.146
27.152 20.579
24.226 24.975
25.002 21.888
29.107 22.975
24.552 22.849
22.172 26.852
23.617 29.498
26.825 25.522
25.61 28.174
24.644 26.336
22.353 21.786
23.544 27.772
22.99 24.753
28.122 27.407
22.481 27.921
25.786 30.535
28.506 22.647
26.915 22.027
26.468 27.212
22.136 28.734
28.31 25.372
23.592 30.641
25.016 27.44
25.688 24.766
27.483 24.629
22.824 23.917
27.453 25.054
23.695 28.456
25.485 20.816
27.877 24.179
23.448 29.857
27.727 28.642
23.907 30.201
26.069 25.104
24.817 22.135
28.792 26.698
25.211 28.372
23.345 28.42
28.398 24.963
23.896 23.815
24.662 24.542
28.823 28.146
27.504 24.483
22.624 26.058
24.865 24.228
23.849 22.155
20.178 25.179
26.728 29.422
22.334 23.143
23.953 26.412
24.259 19.639
26.929 26.53
23.06 25.218
20.853 25.99
23.739 26.184
24.051 24.692
24.338 26.5
21.988 25.762
24.796 25.018
30.094 24.476
22.804 24.489
24.247 24.113
23.877 23.813
22.688 25.036
23.906 23.875
22.093 26.626
22.803 28.963
28.48 22.726
23.959 24.668
22.428 28.705
25.515 23.358
24.822 29.949
20.154 22.709
25.584 21.924
20.874 23.839
26.318 29.075
25.257 23.877
30.239 25.408
24.912 30.545
22.298 23.379
27.259 22.596
26.447 26.202
23.235 25.379
24.798 24.425
28.188 23.201
22.462 26.174
22.091 21.598
30.62 24.833
24.227 25.52
25.831 27.197
23.393 26.756
24.512 25.488
29.13 28.709
24.2 24.026
27.643 28.012
30.076 22.803
27.227 28.24
23.278 20.468
22.887 29.577
