20.691 33.36
22.174 40.142
10.007 27.975
20.347 35.093
17.319 40.562
12.694 45.025
17.264 33.83
12.662 41.026
5.8673 41.23
14.783 37.631
12.188 37.484
18.13 40.131
16.133 33.806
15.446 44.72
14.084 37.026
8.6634 32.435
17.625 34.755
18.15 43.839
16.097 53.3
14.948 32.267
9.0301 35.851
10.939 45.191
10.446 42.074
14.412 37.559
8.9003 39.912
13.377 37.58
17.291 34.894
19.059 42.504
18.31 37.829
9.7696 33.62
11.152 38.8
15.926 39.261
20.366 48.558
12.426 41.842
9.0245 41.584
21.793 41.012
14.413 34.953
18.204 38.497
13.26 41.46
2.8086 42.284
15.27 39.599
18.324 34.717
11.986 35.31
21.665 44.068
9.6156 36.889
6.0064 45.452
10.811 35.641
15.465 43.073
3.8257 38.216
14.787 37.056
11.879 33.249
17.257 35.901
15.792 43.867
12.173 33.596
13.972 39.278
10.996 44.52
17.331 43.865
16.171 42.679
23.919 36.9
16.364 40.086
6.1509 38.286
10.144 37.261
17.706 37.318
12.606 35.235
12.181 40.013
18.912 39.884
13.561 38.013
19.822 36.476
18.792 37.234
16.969 35.565
22.958 36.701
22.093 45.069
20.538 35.15
9.8454 34.29
16.008 31.902
8.8939 28.522
14.976 41.986
14.687 43.438
22.113 45.24
19.403 36.986
17.702 39.475
16.732 35.537
7.4547 31.916
10.942 42.642
12.942 36.609
12.67 33.683
20.905 37.321
19.555 38.953
16.598 49.436
17.187 42.877
13.63 40.241
18.548 36.089
18.078 41.101
16.586 44.661
16.8 43.017
15.937 35.145
17.293 33.672
15.271 42.778
13.087 36.569
17.217 44.159
26.778 41.236
16.058 32.509
15.066 32.724
19.723 42.395
10.321 41.062
9.6462 47.768
18.398 35.569
23.314 37.662
14.491 41.92
22.248 43.637
23.891 42.4
6.3376 36.172
7.6967 44.428
12.492 42.198
9.1174 44.636
4.8725 40.858
9.5459 34.953
4.7117 39.138
14.694 41.367
15.777 44.588
11.7 30.628
18.125 45.856
9.2409 41.168
1.9671 44.657
13.981 38.866
11.498 35.768
13.359 43.362
13.414 34.8
16.345 41.167
9.5096 46.763
12.204 36.265
7.2225 44.365
19.66 40.436
11.507 45.854
18.667 45.667
15.386 41.572
15.017 37.311
15.175 40.205
14.192 39.504
19.093 43.603
18.118 39.575
9.2647 44.657
17.797 38.608
10.674 46.304
10.517 44.767
12.104 37.905
12.772 41.745
12.869 38.629
10.886 38.058
16.154 38.211
13.97 42.042
19.758 45.076
22.925 43.533
21.392 37.183
12.292 45.384
16.398 40.457
19.707 38.783
6.005 41.826
13.815 40.745
8.733 43.549
21.855 41.929
9.6711 40.249
19.168 39.538
19.689 37.98
15.836 37.185
13.022 33.383
7.9832 38.771
16.09 36.204
10.136 33.835
16.938 42.673
16.406 42.687
20.754 40.77
18.126 36.036
13.795 30.387
13.947 49.71
8.0499 37.952
21.3 44.043
17.523 47.524
14.892 42.646
14.425 52.864
14.306 42.686
18.444 49.127
4.63 38.015
11 45.983
15.851 36.361
10.449 40.438
11.535 35.91
15.247 36.618
19.783 46.817
9.8687 47.217
13.217 39.404
20.149 34.842
17.379 35.869
19.21 42.412
11.078 46.449
5.0335 35.75
18.372 54.668
17.201 44.222
6.3158 44.795
20.58 34.225
18.449 38.016
6.6161 42.078
15.791 35.253
13.322 36.441
11.932 34.548
11.146 38.746
10.863 45.525
22.839 46.116
16.185 42.3
13.708 30.742
14.286 36.626
13.267 37.576
19.191 39.382
11.084 45.707
15.695 39.109
9.7355 39.291
13.588 42.989
18.443 42.023
10.374 44.812
12.635 36.08
19.062 38.697
18.714 45.054
19.74 44.72
19.114 46.2
14.53 41.322
8.4278 46.304
10.971 32.315
17.689 38.273
23.554 41.445
10.389 41.694
9.7774 48.54
20.221 38.405
22.815 40.733
10.972 52.293
20.283 39.455
17.997 41.87
21.588 40.226
14.83 40.638
7.9041 29.171
3.2395 33.912
18.497 47.229
21.037 38.08
19.655 39.717
17.43 36.422
16.139 42.498
9.3148 33.756
19.296 39.116
13.711 36.893
11.556 37.923
8.0207 47.274
14.179 45.16
13.975 35.626
10.891 47.031
5.6827 42.597
10.816 31.532
15.166 42.045
16.799 44.749
16.854 42.953
12.808 35.373
16.109 39.838
10.956 33.004
17.839 40.108
14.696 41.789
16.742 34.795
15.828 36.95
10.619 38.424
12.3 41.441
12.961 34.466
18.869 41.531
8.0186 48.178
17.92 35.735
19.212 38.985
17.169 44.38
8.1833 39.224
15.998 48.219
22.447 46.252
19.404 34.455
17.078 41.373
16.7 44.78
13.898 34.56
12.031 35.628
12.815 40.455
16.153 42.781
8.6123 43.118
14.593 38.184
15.773 38.407
4.3232 38.948
15.248 44.49
18.873 42.515
18.038 49.395
11.343 47.155
16.735 42.273
15.313 36.256
7.9168 37.721
16.607 42.256
10.989 45.195
4.6504 41.689
15.893 50.461
12.572 41.17
25.146 42.015
7.6337 39.984
11.171 43.179
21.101 45.375
13.794 39.325
8.6442 37.182
11.673 46.085
10.164 47.442
18.504 43.855
22.457 39.239
16.623 40.684
13.936 43.301
18.094 37.955
16.396 46.076
13.08 36.79
15.092 34.746
8.9431 41.482
22.279 50.061
12.64 35.604
21.17 34.961
14.585 43.615
9.4266 40.84
8.9333 36.472
17.033 42.47
14.951 46.135
13.623 29.226
20.05 38.951
11.136 41.386
12.887 42.77
24.779 41.363
-3.1578 37.977
16.906 41.456
8.4677 38.665
11.922 38.354
10.262 42.129
14.926 33.11
12.459 39.937
16.624 43.811
18.727 36.998
15.094 40.737
8.121 50.696
17.373 35.356
12.914 38.735
19.478 32.957
12.791 44.523
17.937 31.575
6.6246 33.87
19.245 34.746
11.166 39.425
16.907 33.419
21.023 39.273
17.708 47.264
11.006 44.071
20.267 38.589
18.155 41.274
10.728 43.228
6.9437 40.349
3.9181 38.531
10.856 29.509
8.6804 50.639
9.3636 39.294
13.041 37.847
19.994 35.916
13.3 44.326
14.592 42.074
13.168 39.536
13.928 30.877
12.637 38.855
13.666 33.834
13.303 36.993
9.991 45.396
9.7171 42.364
10.941 39.134
25.62 44.249
25.989 41.763
4.852 37.196
13.746 34.655
15.518 41.153
12.194 34.851
9.2293 32.563
16.604 45.052
13.237 34.306
14.32 36.054
20.822 48.96
22.708 42.782
21.179 44.105
8.4711 45.47
16.942 37.778
19.082 32.149
9.0668 44.568
7.7369 42.992
27.039 41.654
9.3836 44.478
15.597 42.471
10.3 45.352
19.869 34.553
7.3708 42.625
14.902 47.524
15.953 38.435
22.033 37.451
11.294 32.435
14.714 44.731
14.989 48.105
11.03 50.852
16.884 42.854
3.8479 34.061
15.046 37.976
14.255 35.776
11.45 39.745
6.2991 49.242
15.488 44.75
12.862 35.127
9.1898 41.688
4.694 39.677
16.325 38.485
13.963 40.467
23.985 42.317
24.083 36.353
10.823 44.121
15.824 37.402
20.829 40.207
15.902 30.441
14.203 42.099
16.711 39.756
16.01 37.34
15.756 48.185
16.354 40.258
20.966 39.458
14.768 37.653
16.154 41.34
6.2109 36.555
11.046 39.825
12.98 37.055
16.46 38.319
12.043 43.059
13.386 37.819
19.349 42.35
18.444 45.147
14.755 41.95
14.943 41.282
11.506 37.531
13.56 38.963
18.519 45.16
12.572 40.747
8.8387 45.364
10.68 29.083
9.8975 47.081
16.37 35.713
8.0437 31.912
11.477 33.334
3.6117 32.963
17.986 34.046
18.481 41.689
12.12 28.645
8.6806 40.403
8.8331 39.148
20.108 50.493
9.31 31.138
16.59 37.631
18.383 34.662
13.188 43.086
10.78 34.254
18.292 36.338
16.386 36.731
13.916 47.894
7.361 40.086
23.178 46.306
16.965 36.977
11.607 34.248
18.023 41.268
16.746 38.6
19.155 47.836
16.695 37.156
9.7406 39.908
9.1861 36.552
15.254 37.393
6.0429 38.276
14.693 39.926
13.629 42.374
11.261 33.517
10.468 43.657
20.148 42.592
16.771 37.25
1.8492 42.033
14.246 42.047
12.274 35.809
22.658 47.151
15.845 44.809
12.122 34.266
20.224 40.878
17.287 42.851
6.9702 43.349
19.948 38.953
21.298 34.273
6.8102 41.414
9.0972 43.463
14.67 37.556
20.795 36.355
17.778 31.412
14.136 33.801
12.578 43.316
14.525 38.751
17.133 33.069
11.508 40.843
9.9585 40.327
18.91 40.208
12.763 37.016
11.435 38.256
21.05 38.564
13.784 34.755
12.599 34.599
22.257 36.312
17.898 49.135
7.0821 50.102
22.024 37.043
13.307 44.46
9.6286 48.598
14.754 39.671
8.9988 35.803
9.5759 36.475
11.705 31.549
13.564 40.485
22.33 40.395
17.331 43.286
13.687 45.076
18.787 45.824
14.325 35.64
19.536 37.544
21.148 40.495
17.029 35.074
11.043 44.997
10.202 38.873
20.716 46.622
18.185 39.913
11.079 44.036
27.495 43.867
20.083 37.072
22.523 41.512
10.209 40.652
18.424 40.789
22.073 37.446
13.865 40.315
11.783 40.838
12.095 42.029
31.815 46.357
13.442 34.243
16.911 39.901
11.593 42.586
14.959 45.84
9.2028 46.184
25.793 38.95
15.638 38.18
10.025 38.342
18.463 35.025
11.758 33.085
14.653 35.976
13.951 45.884
16.849 40.853
14.748 47.361
11.016 33.903
13.899 41.048
15.597 41.317
9.3466 36.123
16.862 38.786
17.746 37.217
8.1962 46.724
10.59 41.716
17.661 35.253
13.257 45.165
6.767 36.508
8.1146 42.518
9.2852 42.059
18.438 32.446
12.139 49.995
12.519 34.108
19.88 34.966
17.891 43.648
15.816 42.092
15.279 44.593
14.196 43.741
13.747 36.101
21.084 42.738
20.141 37.196
18.273 35.652
11.215 45.451
17.364 32.77
21.088 36.525
14.109 41.639
13.129 36.329
14.365 35.92
16.615 46.199
8.9238 39.852
13.138 35.99
21.236 45.976
15.091 33.369
21.464 44.987
16.294 35.684
15.559 32.711
16.846 44.939
21.352 43.118
14.421 36.678
19.167 39.483
6.9821 32.331
16.673 39.018
18.729 33.48
7.6244 40.652
18.493 39.76
14.239 38.659
16.801 31.882
15.319 42.488
11.141 45.729
9.6286 36.455
14.42 42.799
20.938 42.109
10.321 39.643
12.185 42.366
11.15 38.796
15.626 45.818
11.977 47.728
4.7115 37.237
7.0109 35.37
14.948 41.386
12.099 44.581
18.647 38.562
15.716 41.622
16.996 45.258
21.226 52.358
17.921 47.076
16.227 34.84
23.816 42.488
10.588 40.529
18.633 46.924
18.085 42.017
17.145 37.429
13.367 42.655
15.281 40.098
14.718 49.979
18.39 38.607
10.253 39.932
17.603 41.856
22.85 36.395
13.516 40.772
16.108 41.074
6.1954 40.731
14.241 46.339
13.382 43.304
15.441 39.37
10.674 37.591
18.889 45.057
13.247 42.87
4.8611 37.375
14.389 53.275
13.563 35.125
10.482 42.76
18.717 39.611
15.269 53.688
20.874 37.455
13.76 45.231
12.729 34.824
22.921 42.895
7.2868 38.271
13.32 44.224
13.448 40.057
11.919 38.142
12.907 31.412
16.216 36.414
18.987 42.149
6.3598 38.243
16.775 48.582
11.6 43.216
24.667 41.604
12.303 45.023
16.026 37.264
10.086 46.298
13.282 39.977
9.4408 33.636
22.254 43.425
19.666 42.196
16.117 39.154
14.759 39.687
12.777 35.742
9.731 40.349
16.231 39.807
20.306 46.581
16.802 44.105
7.5061 37.966
17.129 42.822
8.141 40.678
4.1955 41.178
13.381 35.236
17.005 36.484
15.092 44.132
12.707 39.5
14.467 46.032
15.413 34.325
13.636 49.006
17.51 35.199
21.23 42.502
21.742 45.463
15.133 32.525
18.026 38.506
20.049 34.201
9.2532 41.018
17.715 44.064
19.578 40.577
7.501 46.528
14.15 49.22
21 38.33
6.3615 49.694
15.918 36.447
18.272 36.806
15.976 42.587
19.759 34.486
23.581 45.217
19.127 35.945
13.244 37.034
18.738 39.393
14.89 44.667
18.49 39.163
15.33 34.735
12.212 39.688
16.248 37.638
19.981 38.948
19.389 34.466
17.223 49.221
22.86 37.105
21.57 37.408
16.157 33.508
19.575 43.529
14.317 40.125
14.871 48.066
13.605 46.527
9.7751 34.519
13.085 47.688
21.48 41.769
14.698 47.84
15.557 34.877
11.709 44.1
16.711 40.206
17.807 45.636
10.454 47.11
13.436 38.697
10.341 33.199
15.262 41.791
15.194 49.504
16.166 38.474
8.5161 30.802
6.0551 34.526
9.2612 40.411
16.229 43.118
22.59 43.555
7.2625 45.701
12.591 28.988
12.202 39.596
23.302 39.793
18.794 43.301
13.058 41.559
20.47 44.743
8.7783 41.144
16.358 39.817
17.694 32.366
16.979 51.011
22.848 43.097
11.68 38.63
9.7073 44.513
10.761 39.035
15.896 38.405
11.328 33.489
10.904 42.419
10.764 32.695
12.568 35.504
25.685 38.312
5.5085 43.679
16.028 36.381
10.716 36.558
14.513 48.382
7.4615 36.571
3.0084 29.882
15.644 39.768
10.996 41.011
8.114 42.007
13.802 46.418
21.5 43.678
13.334 39.855
26.426 41.935
12.199 43.019
19.003 40.86
19.544 45.383
12.716 43.994
12.153 43.767
10.568 35.069
11.561 36.346
7.4321 41.049
9.33 42.544
14.73 44.334
13.204 40.445
7.3742 31.489
18.813 35.603
16.658 39.565
16.949 45.62
14.357 34.205
17.495 42.358
12.399 41.697
12.046 41.757
14.221 36.837
18.78 35.711
13.62 39.863
19.022 38.408
10.7 42.831
17.285 38.877
11.756 52.235
13.313 34.99
14.345 35.017
8.2633 39.487
15.117 43.943
12.681 38.165
12.124 44.005
18.209 40.462
16.154 40.853
17.667 41.42
18.806 40.818
14.201 41.572
17.458 40.341
17.129 39.559
6.1891 44.431
10.833 44.191
17.659 41.485
15.208 37.599
16.5 36.885
15.21 40.572
21.756 38.219
20.237 38.912
11.664 47.74
20.492 44.556
21.439 43.481
22.672 36.37
19.469 41.934
8.7818 36.659
12.923 43.372
12.756 47.021
17.456 34.281
13.191 45.828
17.296 41.261
12.56 41.411
10.498 39.871
9.4957 40.519
5.177 39.992
19.368 37.098
11.449 37.513
14.784 45.176
11.751 31.749
20.058 40.607
18.414 41.519
23.515 56.117
17.862 42.535
7.6106 37.197
16.752 39.698
2.8965 32.832
18.613 34.701
14.622 36.661
23.051 38.115
18.144 50.664
11.468 35.516
10.537 39.762
12.363 39.907
20.23 42.39
16.015 35.284
20.933 47.825
19.185 45.718
8.9052 34.845
14.235 39.92
5.9663 44.7
6.2997 44.403
15.247 47.032
15.717 42.701
25.287 45.45
10.256 36.347
16.192 38.198
15.606 37.424
13.988 41.969
21.608 37.699
17.727 43.78
15.077 48.731
6.5806 43.917
19.927 43.72
7.699 40.126
15.875 41.089
10.47 38.338
10.977 47.922
15.439 45.317
13.306 42.139
13.485 39.749
18.899 37.889
11.548 36.644
5.7695 39.486
19.711 37.483
17.011 30.885
15.359 35.432
15.634 43.023
12.898 34.856
9.0996 38.148
19.897 39.913
14.221 30.982
13.317 41.788
16.76 40.723
12.612 49.737
10.139 46.83
9.4125 39.31
10.474 42.617
17.429 42.122
16.59 48.632
13.985 43.241
16.752 33.174
10.266 44.601
15.529 36.881
7.6583 44.707
10.104 41.853
24.411 41.382
13.811 41.915
22.605 46.331
12.02 38.318
3.5627 33.113
10.637 36.964
11.988 32.127
18.618 33.813
19.441 40.231
13.045 31.973
18.319 36.434
10.264 32.819
16.808 50.86
17.902 45.423
17.159 41.446
11.853 46.662
10.531 44.587
3.2316 39.431
17.353 35.618
14.046 45.193
18.083 42.681
9.0139 42.015
13.037 47.002
13.901 41.866
8.5404 39.973
4.3717 35.225
9.1743 40.59
12.504 41.161
17.471 46.921
19.19 42.241
11.455 48.404
15.495 46.208
27.773 44.361
14.41 33.607
14.919 40.876
16.751 31.089
11.676 38.724
21.235 35.549
19.106 35.919
7.2367 37.981
13.316 41.963
9.4773 44.209
6.5155 37.764
14.344 43.618
15.47 31.887
13.446 35.795
14.919 45.201
15.802 44.632
12.998 46.678
21.51 34.992
13.143 43.913
11.533 41.958
8.0394 37.061
17.076 41.732
15.879 38.95
15.542 39.881
18.47 44.459
20.851 33.485
14.145 47.354
13.951 32.654
14.162 39.654
27.105 38.527
17.719 37.536
7.7279 41.086
22.299 36.784
8.7844 45.342
11.859 35.614
18.185 42.099
14.423 48.054
9.5812 29.486
14.546 41.696
13.21 36.755
11.308 42.163
18.366 38.694
16.851 35.094
7.5582 41.148
26.912 37.98
8.8901 38.812
4.1139 49.504
20.207 36.684
22.529 39.86
21.688 36.641
6.8396 40.422
21.019 36.678
