3.8647 4.2255
2.5446 3.8837
4.5532 4.5759
1.3019 3.1523
2.2054 2.4113
2.0686 4.0323
2.3276 3.7964
3.6797 3.916
1.2077 1.2324
1.0437 1.2071
2.6347 3.5286
2.4316 2.5389
3.1547 6.1085
2.0368 1.6913
2.5614 3.9446
3.9853 2.7016
1.6917 4.0569
4.1206 5.0068
4.2361 1.0789
3.0257 4.1593
4.8558 3.9789
4.4397 3.4623
1.5011 3.9167
2.0874 0.8817
1.5068 2.5935
2.1873 3.2459
2.1104 3.7564
4.4515 1.8457
5.9933 3.2802
3.1441 4.1038
3.8756 2.7794
2.4342 3.6018
2.3937 3.0851
2.4565 1.9582
3.3433 4.0581
1.3636 1.208
4.7747 2.1902
6.3338 4.0598
1.8824 4.2736
4.64 0.77556
4.6885 3.2733
4.9029 1.2327
3.8945 2.6611
1.0675 1.8172
4.0631 4.3803
1.9256 1.5864
3.263 3.105
3.6168 3.4028
1.621 3.2474
0.86083 0.76351
5.0216 3.0599
4.5394 3.1704
4.5861 2.7335
3.1716 2.8738
2.1869 3.315
1.2038 4.8318
1.4246 1.1523
-0.23884 2.34
4.4202 4.2819
4.7342 3.7151
3.8591 3.5722
1.7966 1.9314
4.7164 1.5842
4.0698 3.7238
4.0823 5.2869
2.2972 4.5727
2.6774 5.0529
-0.2571 3.4042
2.9155 2.2108
3.754 5.7421
1.6542 2.2704
2.0408 3.2601
0.7395 2.4321
4.8028 3.0685
0.42845 1.0223
2.3736 3.0575
4.8622 4.9317
2.57 3.6309
5.2894 4.2045
1.579 5.7038
-0.96299 1.5265
3.1517 4.7258
4.0109 4.3184
4.9044 4.1398
0.56963 2.7682
2.6691 2.998
2.9525 2.6471
4.2568 2.3476
3.0462 2.946
4.2457 2.2583
2.4772 1.0974
3.3099 0.64258
1.2935 1.6983
6.6194 2.808
4.5317 2.8287
2.839 4.7535
2.7094 3.1116
1.3788 1.7949
2.599 3.6122
2.7456 4.4602
3.924 4.4
-1.4468 -0.10076
2.4998 1.9319
4.3949 2.3073
3.1464 3.0602
1.5858 2.6487
1.7631 1.1007
5.2887 2.975
3.903 3.637
2.102 5.0375
3.8793 3.1591
4.2265 2.7021
2.7954 3.5171
1.4044 1.066
2.3186 4.0156
3.4436 2.4045
3.7565 1.9446
5.4203 4.4341
2.3603 3.392
0.11463 4.3363
0.99223 0.31079
3.2883 1.9244
1.5928 1.3084
-0.694 1.8425
3.183 4.916
1.8624 1.1082
1.4165 4.7266
0.82739 4.903
1.665 2.0021
4.7142 2.2949
0.16247 4.4979
4.39 4.5479
3.9189 2.4558
3.7516 2.7247
-0.19142 2.3852
5.7515 0.3933
5.9749 2.1199
1.4987 2.4702
1.8852 0.64865
3.7246 2.5945
4.0586 1.9608
1.3325 2.0767
2.7027 3.9694
2.3635 2.9123
1.4572 5.0797
0.6093 3.0694
1.7893 1.5939
0.53318 3.2025
2.9124 4.0097
3.5417 0.66736
1.8062 3.0879
1.7694 0.87873
3.9984 3.2367
6.0723 2.4417
1.1859 1.6184
1.9705 2.0611
3.8519 2.673
2.6589 4.6545
3.2243 2.4531
3.6811 1.8748
2.4035 3.8411
3.2891 0.23271
4.3241 2.7534
0.89886 2.5612
2.8866 0.67003
4.4997 1.0875
2.6788 0.068289
2.6172 4.0585
4.1717 4.9559
4.227 2.7399
3.2206 3.722
4.4524 4.8157
3.0836 2.4574
0.96053 2.2482
2.6924 2.6744
6.5562 5.6074
3.5251 1.7354
3.0771 2.4268
3.0631 1.5969
4.3272 3.5144
3.2223 3.1581
4.0275 3.5736
3.5486 4.5762
4.0087 3.7679
0.84887 3.0667
2.9125 0.9578
5.2838 3.594
1.7139 3.0286
2.4502 4.5669
4.5492 4.707
0.82428 0.55767
4.0044 4.7176
1.3055 3.9391
3.2869 1.7258
3.7586 4.3048
-0.0042007 0.45935
3.5111 2.7807
3.2543 2.4533
2.0775 2.559
0.48868 4.069
2.6531 2.7754
2.5031 -1.3666
1.76 1.9753
2.5899 4.0724
1.0925 1.6962
1.0936 1.9032
3.1271 3.0106
0.51399 1.4481
0.97183 3.7166
2.971 5.2782
3.7902 2.2218
3.0499 4.9453
2.7545 2.9546
1.5288 4.2842
4.4676 0.51486
2.8697 0.043398
3.1424 0.49564
4.0297 3.5549
3.4191 4.2883
3.3064 4.3458
3.3206 4.6336
2.8926 2.1059
3.4697 4.7006
1.4771 1.2395
4.4763 2.9329
3.2686 2.2212
2.6327 3.098
5.1748 3.0275
2.169 3.3019
6.2931 4.11
0.050329 2.7479
7.2419 3.291
4.711 2.1479
0.54433 1.4493
4.6283 3.2334
0.89378 1.8679
1.1452 2.3102
3.7804 4.3933
2.044 4.035
2.1353 3.9356
5.0075 4.2385
-0.10253 1.4552
3.0567 1.7326
1.9246 1.4105
3.1468 2.1909
5.0195 2.5334
2.7527 2.8558
2.9913 3.0925
2.9707 3.5552
2.8766 4.0007
3.9552 1.6742
3.5927 2.8576
2.8542 3.2664
4.6447 3.6987
1.8438 4.1027
3.4818 2.0327
2.3253 5.4559
2.3602 2.3208
1.2334 3.5748
4.5531 4.7043
5.011 1.0303
2.1107 3.3759
3.6281 3.0666
5.1509 2.9414
1.782 3.0518
0.11918 1.7731
2.2323 2.9912
1.769 2.0839
5.0412 5.2023
2.7576 1.8206
-0.13387 3.1769
3.2941 3.3877
-0.1687 2.332
3.1169 4.9954
3.4436 4.0331
3.3912 3.1848
2.5446 0.72078
1.1068 2.5687
3.009 3.0182
1.0397 0.52803
1.8399 -0.35564
3.1295 4.4395
2.377 1.3858
3.4882 2.758
2.7495 1.6656
4.5382 3.4656
5.9535 3.3352
5.3481 3.9265
1.5777 1.4589
6.1416 3.8788
0.012108 0.4874
3.6207 3.8625
4.6979 4.0882
4.7907 6.2929
4.2906 -0.24779
-0.84782 0.83625
5.76 5.8078
3.7717 2.866
1.5589 4.3453
1.4369 6.868
4.3626 1.4764
5.9955 3.0667
4.6477 2.6718
6.4812 4.3018
2.4753 2.8868
3.0616 4.1748
1.6961 1.4789
4.2218 1.3757
0.53958 1.7539
3.1585 1.8717
2.4413 4.2318
3.2752 2.3335
3.5861 4.687
2.7388 2.8602
3.3796 1.1829
1.4741 -1.521
3.6922 3.3167
4.0448 3.7962
4.1362 3.1536
4.9834 4.3294
4.0806 3.9596
5.9331 2.81
2.5157 3.6722
2.9218 -0.016929
6.5087 3.9393
1.6134 2.6806
6.1307 2.4759
0.83221 4.4126
3.108 0.78998
6.2387 2.5231
3.7853 0.36568
2.3444 2.9544
4.9791 3.4556
2.6965 4.1277
2.1528 3.9445
4.7583 3.549
2.2762 1.05
0.09593 3.794
4.7457 2.9269
3.7663 3.0817
1.7897 1.1569
2.8541 2.436
3.7528 3.2314
3.008 2.4849
1.4729 2.1865
3.9648 2.9527
1.7601 4.5313
3.0913 1.2148
1.0196 1.6062
3.8086 3.1962
4.9519 2.9271
2.3557 2.8681
1.5325 3.4946
3.5353 4.9412
-2.2408 3.6174
5.1585 -0.10136
2.5017 4.7021
4.6521 4.0723
3.836 4.101
3.2102 3.7282
2.7845 0.040992
4.644 2.5499
0.61294 3.1723
2.0714 0.57789
0.3065 2.6284
4.1265 3.6969
1.6815 4.4592
3.6257 3.7734
3.1535 4.5201
3.1809 2.8916
2.3555 1.9713
0.8505 1.1069
2.5708 2.7755
3.5466 3.5144
2.7279 0.98379
-0.38981 2.6488
2.497 3.5588
1.3443 3.6518
2.6707 1.4779
1.7791 0.0083177
5.038 2.5568
4.1319 4.0599
3.0614 4.0444
2.4155 4.463
1.3196 4.3275
3.1226 4.9961
1.9442 2.004
1.1186 0.81809
2.5182 1.5614
4.0724 4.3676
1.1301 2.1599
2.5515 0.93158
0.18646 0.93238
2.9721 1.9801
4.7201 3.4542
3.9086 2.0563
1.418 2.6295
4.3123 6.0391
4.1392 2.6908
1.8582 4.1808
2.3425 4.3289
2.1204 1.9726
4.019 1.9681
2.2618 3.5093
0.62653 0.61521
3.2741 2.8292
4.1081 3.6951
6.1207 1.9383
3.6644 3.3955
0.96963 5.0708
0.95277 0.82498
2.3381 4.0132
2.9095 1.5806
1.5393 1.1151
3.7394 0.8115
3.3734 2.0848
0.46407 2.815
2.6178 2.3413
1.0555 2.9984
1.7999 2.865
3.7814 3.0497
2.0015 0.1865
1.6306 1.9555
2.4035 2.1027
3.1972 2.8136
1.6716 3.3773
3.6342 1.206
3.4559 1.8217
4.2008 5.2665
3.7575 3.7072
3.8531 1.8149
0.19642 -0.96299
3.1286 3.3212
2.3357 3.3933
3.213 3.2532
2.83 1.4855
-0.12156 3.2148
1.0141 2.5656
1.8236 3.624
1.3313 3.1324
3.8126 2.0788
1.6674 2.2136
4.8529 3.8245
2.0517 2.4078
2.1446 4.1766
3.9171 -0.3689
5.6033 2.4267
3.233 0.35867
4.1355 2.5524
2.0201 3.6532
1.3687 -0.37067
4.1315 3.0751
4.1028 2.9738
1.7849 4.1167
1.6491 2.009
-0.22186 4.3409
1.3112 2.0078
2.9881 4.071
2.2343 1.4134
4.6547 3.5007
2.0249 0.036642
3.709 2.608
0.87037 1.8575
4.0275 2.5573
4.3412 3.5879
4.1088 3.7027
3.9413 4.6788
1.8108 4.2858
3.7471 3.0081
1.6426 1.8529
4.6395 1.9114
3.8518 3.6706
1.2645 2.6007
2.2177 3.4285
2.1888 2.8299
3.0565 3.8358
2.1646 3.0459
2.15 6.4309
0.046524 2.3385
4.309 1.7763
3.0366 3.1235
2.7019 2.1549
0.98125 2.7713
3.1737 2.3215
0.88574 3.1093
4.5677 3.2867
2.3683 1.3403
2.1583 1.6532
2.7376 3.475
1.9792 4.4433
0.24476 5.6039
1.5841 1.0198
4.8665 3.1887
1.8969 2.7971
3.8939 4.389
2.973 2.7551
4.1283 1.5194
3.1289 4.4276
1.6527 2.2172
2.3322 2.2229
12.871 10.33
16.457 11.446
15.788 10.582
15.158 10.234
12.528 8.9956
14.433 8.4313
14.304 9.404
13.672 9.3627
13.87 12.075
14.828 8.9417
13.05 8.1017
14.219 11.654
14.858 12.723
16.218 10.047
14.276 11.713
16.24 8.2881
13.912 11.198
13.015 8.2406
15.61 10.292
16.739 9.4042
13.096 6.7495
14.669 9.4466
12.843 10.816
14.819 8.2077
13.693 6.6746
15.124 7.796
12.883 9.8131
16.846 10.892
14.78 7.7552
15.442 13.374
12.998 9.5823
14.953 10.148
17.122 8.8495
11.346 8.715
13.49 8.3141
13.671 6.7708
11.875 8.6627
16.94 9.4801
13.411 9.6899
15.573 11.903
14.022 10.366
15.707 11.038
16.441 10.269
13.667 9.0535
15.792 10.542
11.297 9.5514
15.967 9.6578
16.553 9.5399
17.137 12.37
14.304 10.213
15.308 12.418
14.305 11.01
14.466 10.271
14.204 10.437
15.304 12.992
13.442 7.5229
11.542 6.6122
13.139 9.4575
14.878 7.4549
16.152 9.616
13.737 10.414
15.192 8.8657
14.12 9.1114
15.457 10.577
16.146 10.943
15.851 9.1299
12.387 6.8166
14.173 10.851
14.62 10.107
15.201 12.282
13.756 9.2082
16.392 8.5782
12.485 10.3
13.798 9.0332
17.165 12.347
12.905 10.395
15.906 12.799
15.755 11.221
17.421 12.852
16.833 12.023
14.364 10.068
15.044 11.002
13.885 9.9414
15.357 11.862
12.896 10.165
15.378 13.01
14.027 7.5857
12.932 10.662
16.029 12.679
12.246 6.6039
17.286 10.331
16.532 12.233
14.183 7.5898
16.415 11.061
13.954 8.4735
11.609 10.863
12.775 8.717
12.37 10.163
13.103 8.774
13.597 8.0838
14.506 8.3555
15.992 11.186
14.705 8.2802
12.763 12.2
14.525 12.344
11.21 9.5307
13.399 12.395
12.209 6.8431
14.146 7.1223
14.197 11.026
14.664 12.416
11.388 11.381
13.953 11.36
13.035 8.6902
12.859 9.3228
13.245 9.5767
12.413 10.373
18.082 10.149
12.825 10.485
14.469 7.8984
15.225 10.135
13.743 10.115
13.713 11.788
14.347 7.6614
15.942 10.124
13.211 10.215
14.412 9.8252
14.653 11.025
14.959 11.046
14.115 10.851
12.68 10.199
15.905 7.431
12.837 10.213
16.133 11.994
17.214 9.8282
14.521 9.9363
13.187 10.831
13.62 11.807
14.411 11.049
12.405 9.3936
11.928 8.9687
17.166 10.584
11.207 6.0677
13.723 11.102
11.939 8.5771
14.176 9.9104
15.739 10.836
15.126 8.3408
16.268 10.848
13.756 11.122
13.517 9.822
15.247 7.4349
14.089 11.082
15.122 11.728
13.825 10.38
15.894 8.7688
16.686 12.057
14.527 10.129
14.496 10.698
12.716 9.0197
13.196 8.7208
14.179 8.2508
12.051 6.2672
15.609 12.063
14.98 11.162
17.04 13.069
16.576 10.552
13.119 8.321
12.614 9.9069
12.872 7.8994
12.873 7.6904
15.369 9.0865
15.911 9.8872
13.16 7.8174
13.464 10.993
13.998 11.94
12.356 10.981
13.078 7.5078
15.578 10.76
13.994 9.6559
14.883 10.287
14.452 12.946
16.403 11.538
14.552 8.8494
12.934 8.5368
11.786 9.885
11.504 7.4739
17.055 9.7063
16.81 11.923
13.652 9.3916
10.55 10.591
15.573 11.442
14.057 8.0826
16.884 10.32
12.907 8.9225
13.595 9.8227
14.952 7.966
12.946 7.1477
13.318 10.237
11.688 7.6178
15.418 13.431
15.573 11.272
15.712 9.1467
14.158 9.7397
12.827 6.5388
13.259 9.5297
13.781 9.7537
15.531 10.914
18.923 8.4032
13.173 10.956
16.135 11.277
14.339 6.5287
13.244 9.3956
15.162 10.642
14.2 8.6898
15.728 12.153
13.941 10.678
15.585 10.088
16.687 9.1736
14.747 6.4448
12.402 10.308
12.328 7.3836
16.876 8.8891
13.976 7.1263
14.659 8.0932
14.738 6.0156
16.835 9.4362
14.709 9.7416
16.384 10.335
15.942 10.94
14.259 9.1701
13.233 11.31
13.961 7.7819
15.557 8.0763
13.287 7.7466
15.207 9.3738
14.082 9.6782
13.162 7.0858
16.289 10.07
14.321 9.9761
14.699 8.5152
14.094 9.8758
12.147 7.7202
15.255 8.3996
12.141 10.086
15.775 5.2601
14.178 7.5537
11.835 7.658
12.141 7.2998
12.681 8.3931
13.544 8.8676
14.924 10.105
16.995 11.948
15.844 9.6844
17.528 11.503
13.27 7.2001
15.63 10.485
12.23 10.875
14.705 8.811
13.491 8.1344
14.228 9.4696
15.437 12.135
14.851 9.2897
15.068 10.942
17.911 12.595
15.871 10.317
12.951 6.9569
13.339 8.9706
15.034 8.2202
10.918 9.644
16.565 11.043
14.166 11.277
16.183 8.1081
15.74 11.078
15.081 6.7697
17.37 10.317
14.671 10.303
11.987 8.826
15.825 9.8968
9.8179 8.2588
13.657 8.7267
15.016 7.1482
14.89 9.0641
14.958 12.145
14.061 9.9654
13.993 9.9757
14.528 10.702
11.7 7.5814
15.798 10.699
13.317 9.2663
12.888 12.549
15.965 12.174
15.82 8.7272
17.515 11.108
17.625 7.2726
13.907 10.695
15.254 11.125
12.683 10.362
13.465 8.2937
14.363 9.8936
12.228 8.1019
15.203 11.695
15.073 10.836
12.703 11.041
16.773 10.783
13.518 10.027
16.052 8.8444
16.3 9.1429
11.004 10.123
15.541 11.756
14.508 10.177
13.351 11.331
15.496 9.7033
17.232 11.539
13.52 8.8961
13.376 7.0542
14.838 9.3216
12.574 9.9633
14.613 7.9878
15.36 11.059
15.217 8.1123
14.237 10.693
13.379 11.247
13.576 8.9445
13.059 10.659
12.173 10.813
14.313 9.568
13.712 13.417
15.534 10.453
13.049 11.501
14.495 10.21
15.898 9.187
13.552 10.975
13.252 7.9844
14.766 8.6484
14.605 9.9556
14.189 11.199
16.832 9.5284
16.7 12.275
15.232 9.9185
14.883 7.5623
14.624 10.014
16.747 13.462
11.654 7.2321
12.662 6.8992
16.029 10.115
13.191 8.59
12.659 10.241
16.771 10.223
13.343 9.8711
15.1 9.8972
15.59 13.112
16.386 10.747
13.319 10.407
14.858 8.3473
17.64 12.559
12.785 11.46
16.119 10.254
14.31 11.072
13.818 10.675
16.699 11.428
15.246 10.312
12.922 11.855
13.738 8.2103
13.418 8.4454
13.906 10.316
12.35 9.9012
13.579 11.342
14.191 10.813
13.987 11.973
14.215 11.094
15.598 8.2369
12.709 12.648
13.171 7.7478
15.598 6.3732
10.631 7.5371
14.667 9.2089
15.503 11.681
15.158 10.186
14.807 9.3471
12.655 8.9287
15.799 10.731
11.911 9.8707
16.35 9.1962
13.632 9.2612
14.431 8.4116
13.598 7.6026
13.247 9.6276
10.829 8.0067
15.554 10.621
13.531 10.847
13.825 9.0856
13.835 10.765
14.729 9.6307
16.058 14.92
15.85 10.82
13.886 9.6022
15.662 5.9271
12.182 9.806
14.211 8.3214
14.721 10.548
15.31 10.573
14.377 10.119
16.162 11.422
13.545 8.6148
14.852 10.426
13.789 8.8358
12.791 9.3236
13.212 8.156
14.971 9.1701
14.983 9.563
12.35 11.149
13.409 9.7695
13.546 9.5663
18.206 12.028
16.074 10.903
11.362 8.4223
17.433 12.976
15.043 11.037
15.452 9.8041
13.476 9.8554
14.986 10.195
16.702 9.5527
14.531 8.9212
16.13 12.564
15.631 10.703
14.433 10.417
12.66 12.466
13.401 8.9658
16.609 10.638
13.689 5.8407
13.406 7.674
14.113 11.151
12.266 8.8618
15.61 10.919
14.503 8.4971
13.081 8.657
13.688 8.4161
11.829 8.3301
16.634 4.8352
14.816 9.7246
14.684 10.9
14.905 9.8869
13.42 9.9225
14.231 10.191
14.432 10.264
14.451 9.5964
12.897 8.8918
14.955 11.03
13.303 9.7758
15.832 11.584
14.589 9.6397
16.762 11.454
16.688 13.363
11.108 8.7439
12.77 9.9417
16.123 9.6982
13.615 8.5676
14.451 12.11
14.168 9.8906
13.523 7.1903
13.979 9.5236
16.087 11.187
13.566 11.614
13.642 10.766
13.465 8.759
12.662 7.8764
15.397 8.597
13.637 8.6373
12.468 8.2485
13.443 9.4069
15.017 12.184
14.663 7.7812
15.831 11.799
15.227 11.057
12.779 10.64
14.995 8.4393
12.847 9.9188
17.169 12.982
15.174 10.593
11.307 8.544
16.093 10.36
11.771 8.4346
13.991 10.548
15.668 9.7149
13.466 7.9971
14.019 13.009
15.328 10.066
14.32 8.6386
14.857 9.4946
15.399 9.8227
15.81 10.706
15.52 9.3713
16.518 7.9704
13.511 10.818
11.305 7.0315
16.451 10.076
13.48 9.704
13.33 9.1786
12.408 8.3101
1.1961 12.474
-0.32848 13.264
-0.30929 12.92
-0.61959 13.392
-2.6366 10.417
-0.10288 14.29
-3.3055 9.9211
0.59551 13.563
-0.40021 12.948
-0.53205 11.315
-0.32319 15.186
-1.1383 12.884
-1.6474 10.545
-0.65892 13.34
-1.529 13.448
0.6125 13.845
-0.83787 13.39
2.1403 14.169
-0.35933 12.07
-1.7843 12.842
0.086065 15.8
-1.3624 13.244
-1.6175 12.606
1.4791 13.501
2.1591 15.615
-2.7864 12.429
-1.7895 11.689
-1.7167 12.97
-3.0856 13.446
2.1953 15.315
-2.4861 13.146
0.56517 15.731
-0.88543 14.554
-2.4491 11.301
0.37198 13.765
-1.8364 11.569
-0.53181 12.243
-2.056 12.225
-1.3492 12.389
-3.3172 12.548
-0.82585 11.477
-0.78199 12.653
-1.6877 10.258
0.16867 13.993
-0.55292 12.692
-0.53593 14.293
2.0682 14.679
-0.37466 10.718
-0.71751 13.273
-1.7393 12.112
-1.6331 11.171
0.84802 12.566
-3.2543 13.052
-1.5715 12.344
-0.41249 12.229
-0.87807 14.383
-0.75545 12.615
-1.647 11.708
-0.68955 16.477
-3.037 12.147
-0.62353 10.66
-3.0162 12.978
-1.9776 15.226
-1.4639 12.089
-1.536 13.413
-0.75003 11.922
1.2741 13.829
-2.675 14.368
0.24334 11.834
-2.8291 11.983
-0.65108 10.369
0.86643 10.903
1.3956 12.936
1.5093 16.136
-1.5863 13.17
-3.5735 11.519
-1.386 14.463
-1.0102 13.671
-0.86231 12.325
-1.7876 11.953
0.70443 15.27
-1.5298 12.004
-4.4372 13.424
0.72635 12.47
-0.47971 15.498
-1.3451 13.157
-0.28991 12.317
-2.1683 11.996
-1.1951 13.077
-0.45037 12.088
-2.5009 10.648
-3.5777 12.212
-0.014716 13.558
1.9362 17.06
-2.398 14.243
0.12581 12.283
-0.18521 11.16
-1.1384 13.282
-0.15787 12.831
-1.6703 12.443
0.0086571 12.183
-0.36263 14.112
-0.52549 12.421
-0.32914 14.76
-3.2855 12.439
-1.0943 14.651
-0.074184 13.934
0.52772 13.076
-0.080593 11.212
-2.0027 11.361
-0.75238 13.962
-3.299 13.526
-0.68643 11.026
-2.7278 13.382
-0.054591 12.535
-2.9724 12.286
1.8423 14.021
-1.0764 16.757
-0.97911 13.372
-0.50647 11.722
-1.6078 10.234
1.3739 14.44
-1.6115 13.809
-1.8247 10.991
-1.7843 14.442
-0.48578 15.531
0.16395 13.649
-0.6092 10.918
-0.40933 14.787
-3.0284 12.739
-1.0403 13.972
-1.6248 11.274
0.59546 14.011
-2.5637 11.905
-3.9991 13.116
-1.0058 14.876
-3.5149 13.441
-1.1132 11.073
-1.432 14.009
-0.25391 12.398
0.95661 12.757
-1.0682 13.341
-0.85315 11.046
-0.88822 15.758
-1.3658 11.895
0.48013 12.938
-2.0587 12.007
-0.46429 14.682
0.06698 13.031
1.2762 13.163
0.070313 13.855
-0.87728 12.067
-1.117 12.891
-2.6087 12.084
-0.8746 17.748
-0.77725 12.31
-0.49436 12.05
1.9542 13.804
0.87192 12.214
1.4612 15.073
-0.014206 17.223
-1.5538 14.575
-1.4774 13.839
-1.2011 15.292
-1.0376 13.32
1.9901 14.603
-0.24289 11.236
-2.4622 13.723
1.3921 15.32
-2.4022 12.082
-0.82905 12.829
-1.2691 13.868
0.10987 10.762
-1.066 13.183
-0.52416 12.977
-0.84969 14.701
-2.6574 11.742
0.72188 13.923
-3.1121 9.4316
-3.7835 13.814
-1.8951 13.584
1.1396 13.648
-1.1641 10.176
-1.1985 13.619
-0.44439 14.129
-0.37684 12.164
0.39297 15.206
1.9056 15.841
-1.398 11.029
-0.016806 14.258
-0.39743 13.94
0.7481 12.655
0.55494 12.395
1.2821 12.175
-4.0431 12.702
-2.2189 11.459
-0.2505 14.826
0.69714 10.796
-1.9036 11.543
-2.0596 11.628
-0.81351 13.674
-0.93954 13.745
0.41768 14.714
-1.7516 11.055
1.6607 14.519
-3.1364 13.619
-0.99885 15.304
-1.3324 14.326
0.28575 12.133
-1.413 12.282
-0.45772 10.757
1.0309 13.026
-2.1222 13.465
-0.32998 14.254
-0.36286 13.087
-0.33464 11.662
1.0036 13.988
1.9661 13.979
-0.54781 12.054
-3.6658 11.858
1.8735 15.775
1.5862 14.054
1.3108 13.335
-1.4695 10.849
-1.6773 12.573
-3.9574 10.869
-1.5139 12.092
-3.3808 12.135
-0.1408 13.727
0.43174 14.537
0.48963 14.869
-2.7437 12.196
2.6894 15.493
-1.8786 13.153
1.4576 12.752
-0.41416 14.483
-1.9751 12.61
0.15055 12.898
-1.2558 13.607
-0.073905 12.361
2.135 12.452
0.99704 15.187
0.15826 14.168
-3.7625 9.2231
-3.2679 12.328
0.17327 13.297
2.2464 14.81
0.32644 12.978
1.3984 11.792
-1.1384 12.532
-1.9009 12.323
-2.2846 15.37
0.52864 12.419
-0.29381 13.121
-4.0709 12.214
-1.2492 12.608
-0.58691 11.994
-0.75742 12.595
-6.0347 12.934
-4.2357 8.6922
0.8538 12.376
-1.975 12.235
-0.5463 12.462
-1.28 11.088
1.3184 11.623
-0.37973 13.687
0.14185 14.035
-1.0432 14.046
0.57319 13.185
-1.9842 15.686
-1.317 12.056
-0.5112 13.634
-0.5106 14.069
-3.0315 10.774
-0.93803 12.39
-1.9132 12.63
-0.37019 12.925
-1.6905 12.601
0.23549 11.565
-2.2918 12.778
1.7995 13.043
0.031457 11.926
-1.5583 14.615
0.51484 11.095
2.1615 13.366
0.53095 13.232
-0.64289 15.85
0.85165 14.82
-3.3278 11.837
0.62633 13.344
-0.18469 13.727
-0.82804 12.575
-3.5227 13.274
2.084 16.523
-1.2232 12.363
0.64919 12.325
-1.0754 12.977
-2.6291 10.165
-1.3065 13.627
0.6742 13.483
-1.1229 13.061
-0.20391 11.818
-1.3623 10.45
-1.1084 11.081
0.06535 12.429
-2.9701 11.581
-2.0056 10.834
-0.32924 12.746
-2.5568 12.934
1.1744 14.769
-0.37285 14.907
-3.0449 12.72
1.9522 16.316
-2.3704 13.27
1.3967 14.281
0.14942 11.733
1.3237 13.185
0.051901 13.433
-1.6424 14.603
-0.16032 13.306
2.8108 16.07
1.093 11.554
0.93934 11.769
-0.19914 11.829
0.43738 14.188
-1.7609 10.102
1.9211 15.621
0.25268 13.818
0.49667 13.74
-0.88188 13.418
0.96896 14.217
-1.9056 13.584
0.259 16.094
0.13309 11.707
-1.2216 11.871
-3.8696 9.6082
-0.94384 13.975
-2.8349 11.965
0.74889 11.745
-3.0636 13.783
1.6172 14.613
-0.248 11.503
2.1713 11.294
-0.091971 13.939
-0.52126 12.114
1.0293 14.494
-3.3324 12.78
-2.3567 12.084
-1.6746 10.237
-2.7599 13.786
-0.71454 12.119
2.5161 12.463
-0.5818 15.816
-0.13586 14.884
-0.37014 14.506
2.5969 16
-1.9963 10.853
0.39358 15.409
-3.2212 12.4
0.12366 13.828
0.70614 13.274
-1.592 12.509
-2.8658 11.385
0.287 11.379
-0.39828 12.209
-1.5739 12.546
-1.305 11.86
-0.92026 11.61
-0.21394 12.622
-0.60704 12.502
0.73084 12.867
-1.0477 11.98
1.1846 12.937
0.01096 13.426
-0.76189 12.45
-0.48791 11.124
1.9601 12.35
0.8305 13.754
-0.23409 13.265
-1.7808 12.94
-2.657 12.161
-2.2423 11.875
-0.36444 14.736
-2.4528 11.672
-0.23094 13.052
0.60263 14.428
-1.8176 13.475
-2.1418 13.076
0.53364 12.945
-2.7843 12.756
-3.0767 13.349
0.17223 15.983
-2.3016 13.234
1.0063 13.78
-0.92518 15.55
-0.38954 15.872
1.3352 13.99
-2.8811 12.85
-0.74004 11.224
0.75962 14.827
0.45538 13.889
-2.3522 11.621
-4.4331 11.461
0.54589 12.017
-2.9079 13.842
-3.5427 12.562
-2.3629 9.9719
-2.5768 11.708
-0.22979 14.37
-1.3787 13.025
-2.5714 11.726
-0.58551 14.477
0.41866 13.12
0.252 17.167
-0.016284 13.624
-1.4275 12.648
-1.1884 11.924
-1.1575 11.539
-0.39913 12.929
-2.2679 13.761
0.54424 13.1
-2.1881 15.682
-0.076073 15.573
-0.46389 12.709
-3.552 11.628
0.36115 12.898
0.0096123 11.629
-0.41812 12.7
1.2753 12.282
-2.7217 11.037
-0.98664 13.671
-0.2976 12.232
-2.8812 11.383
0.0025057 14.144
1.9225 14.317
-0.9752 14.744
1.8947 12.504
-2.2659 13.639
1.3635 13.298
-0.39411 12.448
-3.6313 12.96
-2.6846 12.189
-2.4139 11.818
0.78217 13.768
-0.45297 12.9
0.99052 14.118
-2.5215 11.155
-1.6861 9.6029
-1.455 14.602
-0.011864 13.348
-2.727 12.396
-0.32389 14.092
-1.4282 11.84
-0.867 12.875
0.19032 13.344
-0.85931 12.462
0.39937 12.947
-3.256 11.809
1.1207 11.388
-2.5628 11.864
-1.731 10.215
-0.99253 13.2
-0.024499 13.461
-1.9727 13.842
-2.092 12.194
-0.26659 12.926
-1.7375 12.599
1.4654 14.986
-1.1491 13.025
-2.5231 13.793
-0.87417 11.778
2.0031 12.496
-2.6586 12.334
-0.50798 12.638
0.2847 12.974
1.4695 15.509
2.0584 13.623
-0.21425 13.854
-0.30851 14.846
1.446 15.531
-0.68741 13.048
1.0694 13.647
0.83437 13.537
-0.28518 14.575
0.8001 14.026
0.71873 12.076
0.43376 12.656
-0.56147 11.828
-0.70912 14.381
-0.12656 12.363
-0.14258 12.488
-1.1059 13.446
0.28182 14.279
0.21417 12.639
0.20657 13.53
0.36143 12.574
-2.3408 11.744
-1.3683 13.059
0.96046 12.086
0.065406 13.675
