500 1500
500 1500
570.15 1488.9
657.76 1187.2
558.76 1261.4
780.76 1674.3
285.22 1543.1
500 1500
770.16 1211.6
646.57 1654.1
495.02 1851.7
820.36 1215.3
721.32 1246.4
655.46 1312.2
506.65 1476.6
680.57 1261.8
578.96 1323.5
690.11 1230.3
456.04 1665.8
500 1500
678.73 1296
866.81 1296.4
300.63 1269.8
666.8 1314.2
615.49 1600.8
500 1500
500 1500
505.96 1854.7
490 1190.8
500 1500
500 1500
373.39 1527.7
639.33 1282.6
500 1500
596.66 1656.2
268.05 1386
635.78 1204.8
223.48 608.03
630.78 1334.9
500 1500
656.03 1392.2
500 1500
599.23 1413.6
583.06 1278.6
776.74 1308.9
480.07 1850.4
588.51 1294.2
643.25 1652.5
534.73 1108.7
591.25 1412.1
534.94 1333.9
500 1500
734.05 1363
547.4 1109.5
793.69 1521.4
500 1500
675.52 1145
852.77 1314.2
524.66 934.58
500 1500
442.32 1985.4
500 1500
302.94 1343
707.71 1349.2
222.17 1350.7
834.98 1341.3
276.3 942.31
630.19 1506.4
715.88 1319.1
500 1500
540.67 1728.6
500 1500
500 1500
579.55 1331.2
508.29 1891.2
625.99 1399.1
500 1500
500 1500
259.23 1753.2
735.46 1392.5
733.31 1305.6
500 1500
754.05 1318.8
500 1500
646.31 1134.1
722.43 1095.1
495.97 2186.1
793.53 1264
707.52 1196
622.19 1497
654.96 1265.5
500 1500
614.58 1420.4
500 1500
315.71 1365.2
500 1500
584.65 1511.2
631.3 1429.7
545.83 1225.1
500 1500
663.71 1403.7
531.98 1570.7
500 1500
681 1316.4
334.52 627.48
556.25 1369.6
562.18 1434.9
460.02 1677
453.24 1406.8
678.5 1265.2
581.1 1322.1
1431.5 1824.1
547.27 1364
500 1500
550.76 1721.6
603.07 1387.9
681 1316.4
421.81 1342.1
626.73 1296.1
578.67 1235.2
471.81 1498.7
500 1500
500 1500
442.26 1335
689.15 1300.3
495.04 617.63
500 1500
617.58 1467.2
422.38 1536.2
585.41 1527.8
697.31 1113
305.06 1550.9
521.28 1613.7
534.38 1231.6
500 1500
414.89 656.08
495.67 1327.6
686.95 1365.1
500 1500
673.28 1446.8
770.16 1211.6
636 1899.3
650.9 1308.9
456.28 1896.5
687.55 1322.2
500 1500
667 1303
795.12 1393.4
636.87 1257
500 1500
1282.4 2065.8
500 1500
518.09 1231.4
509.76 1215.5
660.54 1529.7
1152.9 2434.3
507.47 1749.3
579.42 1451.3
500 1500
571.33 1418.8
633.44 1525.5
491.85 1731.5
552.57 1626.3
586.9 1540.4
625.67 1325.7
587.04 1075.6
500 1500
680.86 1226.6
702.64 1345
463.03 1805.3
500 1500
629.22 1240.6
670.67 1211.1
724.66 1288.1
628.75 1416.4
608.41 1350.2
854.13 1383.6
240.28 1288.2
500 1500
535.64 1319.4
495.97 2186.1
417.56 1499.4
729.93 1278.4
577.27 1407.2
719.45 1321.4
476.92 1394.1
742.52 1870.9
562.08 1461.3
427.79 1569.4
500 1500
295.23 1785
504.14 1269.4
739.21 1300.2
697.37 1273.1
559.03 2350.2
513.67 1638.2
589.27 1628.7
500 1500
611.04 1326.2
653.56 1294.2
639.06 1307.6
414.8 1531.1
602.55 1365.2
631.33 1236.7
500 1500
610.96 1426.2
569.66 1608.3
579.44 1410.3
678.25 1447.3
500 1500
726.53 1298.7
502.63 1778.7
903.39 1525.9
633.4 1165.1
1279.9 2589.4
567.35 1309.9
1113.7 1622.3
488.79 1536.5
583.29 1430.4
547.32 1815
500 1500
500 1500
732.16 1303.2
517.63 1310.4
517.69 1849.8
688.23 1221.1
475.82 1673.2
500 1500
755.12 1496.9
469.16 1153.2
500 1500
488.78 1202.9
500 1500
607.7 1872.8
202.68 1048.4
608.17 1523.3
547.47 1636.5
707.95 1237
477.73 1417.8
569.91 1266.6
500 1500
500 1500
500 1500
570.33 1283.9
500 1500
767.16 1364.2
615.31 1343.2
500 1500
567.84 1473.4
500 1500
500 1500
500 1500
500 1500
576.6 1422.4
483.37 1357
292.87 2354.9
500 1500
268.01 1394.9
500 1500
500 1500
475.59 1898.6
500 1500
491.87 1516.6
763.78 1207.6
628.67 1715.4
920.6 1353.4
699.75 1344.2
513.26 1178.8
500 1500
500 1500
500 1500
517.58 900.42
500 1500
500 1500
583.63 1883.7
500 1500
558 1300.8
500 1500
500 1500
498.38 1943.5
583.75 1431
772.45 1204.3
629.89 1400.3
401.44 1205.5
556.82 1570.9
500 1500
691.24 1268.3
500 1500
764.29 1328.6
627.09 1166.8
711.59 1377.7
599.11 1219.7
629.48 1353.3
641.88 1314.5
542.39 1476.7
634.91 1681.1
688.04 1169.8
500 1500
555.15 1662.5
489.57 1300.6
659.68 1199.6
346.98 1321.8
453.24 1406.8
500 1500
515.06 1575.9
500 1500
527.28 1267.9
500 1500
500 1500
592.05 1345.7
535.84 1486.3
377.42 1288.1
500 1500
543.29 1683.9
729.43 1365.1
660.22 1372.7
516.63 1693.6
638.83 1266.6
500 1500
669.57 972.44
634.87 1274.1
630.72 1402.4
500 1500
500 1500
628.72 1255.3
598.52 1686
579.42 1451.3
726.53 1298.7
467.35 1177.1
724.82 1372.2
558.64 1786.1
548.09 1622.9
500 1500
500 1500
716.16 1772.6
500 1500
1151.1 2281.3
711.43 1281.9
500 1500
580.94 1201.8
500 1500
770.32 1397.6
776.37 1304.4
604.67 1283.9
488.68 1107
507.84 1759.6
644.06 1306.4
500 1500
360.94 1541.8
500 1500
720.56 1340.4
554.65 1315.5
643.29 1254
684.24 1366.6
625.54 1112.8
504.02 1248.8
538.55 1292.4
687.55 1322.2
500 1500
506.81 1260.2
243.35 952.89
402.56 1341
714.9 1298.3
771.05 1689.9
494.44 1694.8
817.71 1225.7
622.42 1639.1
654.69 947.24
500 1500
626.73 1296.1
642.4 1318.2
494.26 1638.7
428.14 1533
457.33 1543.8
503.17 1668.4
500 1500
500 1500
500 1500
667.18 1446.6
456.76 1715.2
635.85 1314.8
711.57 1255.5
609.49 1269.8
623.47 1260.9
654.96 1456.7
681.32 1229.2
500 1500
365.89 1249.4
602.18 1404.2
607.58 1400.7
500 1500
513.84 1418.9
617.95 1593.7
427.6 1512.3
1240.8 2338.7
782.01 1300
500 1500
483.91 1287.4
531.37 1691.4
498.1 1742.6
500 1500
500 1500
500 1500
753.92 1279.4
571.99 1026.4
674.8 1504.1
505.96 1854.7
500 1500
259.2 1259.8
583.75 1431
516.18 1427.7
459.89 1656.7
747.75 1254.7
671.09 1316.9
500 1500
278.06 1654.7
647.64 1258.1
584.65 1511.2
662.67 1427.1
500 1500
461.88 1416.7
684.04 1426
488.68 1560.5
628.47 1284.3
544.62 1632.2
500 1500
559.16 1193.3
500 1500
640.71 1427
500 1500
658.81 1213
692.64 1279.4
586.73 1253.3
590.53 1318.8
760.62 1327.5
500 1500
498.92 1851.1
450.63 641.64
1142.6 1354.1
1292.8 2030.3
500 1500
547.27 1364
631.3 1429.7
594.59 1430.4
564 1725.8
521.19 899.45
500 1500
605.9 1407.9
764.29 1328.6
500 1500
609.52 1443.3
469.16 1153.2
634.87 1274.1
650.99 1293.2
202.68 1048.4
569.71 997.11
774.02 1321.4
753.92 1331.5
539 1480.8
1047.2 1542.4
500 1500
500 1500
362.1 1536.7
764.4 1195.1
500 1500
642.24 1260.3
943.59 1473.3
683.03 1339.3
742.52 1870.9
667.04 1508.3
471.89 1480.4
500 1500
414.73 1636.2
615.39 1274
500 1500
433.08 676.16
435.02 1373
598.52 1686
500 1500
685.86 1400.4
724.42 1371.6
570.15 1488.9
719.76 1261.5
782.35 1335.7
679.52 1296.6
481.93 1399.1
500 1500
505.96 1854.7
608.72 1110.8
651.5 1353.3
648.03 1171.8
396.89 1863
759.45 1325.7
516.69 1486
500 1500
558.92 1436.8
377.94 1716.8
456.28 1896.5
684.51 1007
497.52 1338.1
444.95 1986.6
283.5 2132.1
321.39 2172.3
377.52 1681
405.53 2076.9
336.88 2045.8
550.64 1830.5
500 1500
355.85 1993
370.16 2101.1
465.01 2209.9
532.8 1791.4
416.52 1945.8
377 2051.6
382.36 1936.4
469.99 1609.5
339.24 2025.8
305.28 1959.7
438.91 1955.7
357.62 1941.4
360.96 2135.6
379.87 1995.2
423.21 1913.2
410.33 1929.2
258.93 2190.5
472.05 2020.7
405.07 1898.8
232.97 1871.2
385.14 2055.8
447.22 1916.7
411.43 1780.4
383.49 2064.6
329.02 2039.8
376.95 2007.9
438.79 2483.8
357.13 1691.9
500 1500
257.98 1737.2
377.38 2016.7
365.7 2049.4
371.25 2061.4
469.96 2135.8
550.46 1817.3
443.43 1990.1
353.11 2169.8
482.15 1871.4
544.46 1650.6
500 1500
375.22 2121.2
335 2115.8
500 1500
500 1500
389.35 2216
407.94 1967.9
337.73 2139.9
440.12 1855.8
397.43 2019.2
434.11 1804.1
363.19 2091.9
412.42 1849.9
316.35 2074.6
511.01 1926
428.57 1740.6
752.01 2132.8
536.48 1923.6
359.05 1813.3
424.54 1847.2
500 1500
335.16 2107.6
351.17 2060.3
449.6 1989.6
244.06 2220.9
603.81 1792
394.6 1977.9
345.94 2162.2
619.88 1974.5
386.01 2008.1
410.83 1984.1
905.43 2068.8
330.01 1727.5
500 1500
697.33 1815.2
337.34 2187.8
500 1500
418.82 2045.5
500 1500
217.88 1902
356.75 2050
443.77 1838.8
589.81 1632.4
392.25 1791.2
436.17 1616.4
261.78 1965.1
386.77 1774.5
361.9 1671.6
331.44 2106.7
414.58 2017
292.36 2389.2
381.61 2056
500 1500
453.33 1591.9
389.34 2120.6
412.93 1748.7
408.85 1954.3
300.12 2176
550.48 1728
385.9 1780.1
380.5 2035.7
462.45 1973.7
435.8 1834.2
347.5 2136.2
500 1500
346.7 2126.3
238.64 1934.6
541.02 1757.3
312.78 2008
325.38 2111
287.86 2135.7
403.93 1861
717.13 1767.4
293.44 2161.2
433.06 1744
395.68 2227
375.97 2057.8
297.78 1167.5
403.74 2162.9
412.42 1849.9
500 1500
397.7 1443.8
418.65 1930.7
500 1500
237.33 2185
500 1500
500 1500
312.91 2089.3
544.66 2025.3
333.87 2051.9
344.84 2105.8
335.47 2377
358.78 1807.5
332.08 1967.5
384.98 2343.6
500 1500
325.69 2067.2
618.7 1950
316.19 1977.4
325.94 2231.3
506.58 1978.9
352.01 1900.6
454.21 1854.6
331.44 2035.6
457.41 1928.5
310.6 2251.8
357.15 2023.2
365.91 2059.3
380.73 1784.8
500 1500
394.86 1667.7
500 1500
378.96 1964.5
444.29 1896.5
299.48 1665.7
882.68 2080.6
426.14 1979
500 1500
375.64 1852.3
323.31 2026.3
377.96 1984.9
423.66 2094.9
397.17 1864.4
285.39 2334
336.76 2017.6
419.47 2033.5
421.99 1888.6
507.46 1936.2
500 1500
495.01 1706.5
351.63 2018.7
395.1 2016.8
329.81 1996.4
384.88 2013.9
405.56 1904.5
379.78 2015.3
351.11 2154.2
556.88 1742.3
378.03 1865.5
532.35 1850.5
329.81 1996.4
500 1500
500 1500
470.48 1321.4
404.93 1943.6
347.45 2087.1
417.66 2286.9
500 1500
307.92 2006.6
343.44 2136.3
406.56 2032.6
405.53 2076.9
458.63 2031.1
355.59 1928.6
334.45 2097.2
482.99 1876.9
407.92 1934.1
423.22 1679.7
299.17 1983.1
366.56 1926.5
442.83 2055.1
614.95 2135.3
376.27 1999.5
400.66 1947.5
352.66 2100.2
271.19 1955
500 1500
543.42 1914.9
500 1500
557.18 1756.6
135.61 1949.9
500 1500
488.23 1837.8
373.47 1557.7
321.52 1967.4
356.95 1755.6
344.02 1872.4
244.3 2026.4
382.72 2029.9
431.15 2157.6
311.28 1854.8
395.67 2088.3
394.18 2027.5
378.44 1986.8
375.92 2064.1
387.07 1971.3
397.7 1443.8
419.97 2091.9
315.04 2126.5
349.14 2000.1
800.7 1673.5
386.32 1366.3
422.43 1366.4
435.35 1917.7
509.61 1825.6
344.36 2002.9
500 1500
412.1 1920.6
379.78 2015.3
619.02 1424.2
416.55 2156.4
500 1500
500 1500
336.09 1591.9
348.73 2104.4
387.83 1583.6
236.74 1802.9
324.99 2166.9
462.37 1869.9
369.34 2071.6
398.74 1920.9
374.26 2053
327.89 1963.6
500 1500
384.92 2093.4
500 1500
401.69 1954.7
551.86 1555.3
500 1500
500 1500
324.97 2060.8
352.83 1980.1
435.9 1952.6
366.6 2124.5
455.09 1771.4
497.21 1715.5
366.6 1941.9
367.45 2012.2
258.5 2160.7
371.74 1752.2
292.41 2015.4
214.69 1839.7
372.76 1988.1
408.15 1627.3
366.48 1991.7
500 1500
412.81 1957.4
362.78 1796
360.88 2018.4
384.75 1960.5
329.13 2107.8
385.15 1936.1
378.8 2115.6
335.96 1917.2
305.17 2323.3
339.26 1935.1
342.93 2085.8
472.14 1818
500 1500
586.31 1933.4
500 1500
444.06 2078.4
446.58 1883.7
500 1500
314.46 2188.6
348.19 1742.1
436.67 1896.4
352.56 2049.5
412.6 2130.7
500 1500
403.16 1594.9
262.25 1667.5
398.63 1858.7
281.37 2287.4
385.14 2073.7
331.58 2109.3
368.22 2134
384.95 2295.3
346.08 2136.3
409.1 1644.9
480.35 1833
530.21 1817.3
474.21 1925.4
494.22 1598.9
500 1500
332.22 2112.6
405.51 1851.6
465.26 1800.1
458.63 2031.1
280.62 1883.7
340.74 2084.2
558.78 1786.2
323.41 2029.1
308.45 1813.8
408.23 1904.9
335.03 2003.8
384.67 1765.9
511.71 1878.8
340.05 1680.5
320.37 1892.4
345.09 2098.7
364.01 1703.2
423.16 1921.9
265.92 1522.7
861.4 1781.3
500 1500
402.13 1753.6
383.73 2068.6
394.04 1605.5
333.47 1632.2
401.73 1976.6
394.97 1788.4
438.27 1986.5
414.22 2189.8
473.82 1821.9
382.84 2050.6
292.78 2240.2
386.72 2111.2
447.34 1418
500 1500
689.34 1833.3
346 2133.1
419.87 2023.5
308.43 1942.3
370.58 2190.8
300.48 2184.5
500 1500
433.31 2028.8
405.56 1904.5
437.12 1999
357.42 1799.7
569.54 1884.7
377.88 1951.8
1426.8 1889
305.7 1785.9
336.46 2291
388.53 2041.9
348.2 2385
372.87 2012.3
309.31 2191.7
399.49 1921.5
407.62 2025
456.18 1874.3
347.22 2328.9
365.19 1885
354.81 1943.9
336.04 2162.6
399.84 1641.3
451.59 1874.6
560.92 1769.6
398.01 2075.8
393.72 2095.7
342.56 2148.2
500 1500
362.12 1760.8
308.06 2360.1
292.04 2265.8
195.51 1933.8
286.01 2272.8
372.59 2096.5
361.81 1874.4
337.81 2113.9
383.95 1666.8
436.37 2076.2
385.71 1957.2
362.96 2053.9
500 1500
500 1500
418.83 2034.4
297.46 2166.6
500 1500
432.76 1714.3
362.65 2061.2
380.29 1777.9
312.24 2042.8
437.99 1945.4
397.91 1963.1
500 1500
349.6 2148
268.16 2070.8
338.21 2133.6
417.31 1959.6
411.94 2056.2
374.45 2136.4
346.85 2256.2
349.82 1931.7
362.44 1508.8
312.79 2193.2
354.06 1628.1
420.87 1979.7
500 1500
331.98 2140.3
340.94 2062.7
905.43 2068.8
403.93 1861
512.89 1857.7
355.32 2022.2
596.64 2163.2
251.76 1917.8
361.02 1938
292.36 2103.2
382.8 1990
500 1500
452.31 2116
500 1500
385.49 2184.7
362.43 1953.4
332.95 2025.4
365.17 2063.8
399.81 2113.3
423.23 2196.6
375.58 1606.9
414.42 1764.4
500 1500
354.25 1851
324.64 2218.9
500 1500
401.17 1793
353.11 2169.8
500 1500
366.36 1949.3
858.25 1961
373.13 1891.7
374.11 2077.4
421.62 1723.4
343.88 2080.1
333.94 2027.6
431.17 2055
343.14 1922.2
351.39 2019.7
384.58 2053
371.14 1980.6
557.18 1756.6
298.39 2137.4
398.67 1879.7
360.37 2066.9
290.26 1983.7
325.38 2111
291.33 2140.8
336.45 2052
309.09 2107.3
312.24 2042.8
500 1500
386.38 1992.9
374.29 1917
332.87 1969.1
428.3 2117.7
637.59 2010.8
375.02 1975.1
255.83 2138.6
332.03 1982.1
373.5 1991.2
442.1 2039.3
433.01 2041.5
441.9 1846.4
393.69 2112.5
409.85 2016.8
312.73 1837.8
383.49 2064.6
191.87 2032.3
384.96 1962.5
393.51 1774.1
395.73 2120.5
455.7 1004.7
312.67 768.15
485 949.06
409.4 832.39
415.84 886.58
304.47 838.29
649.13 1991.9
386.87 798.47
404.45 999.58
611.52 972.57
251.56 921.91
430.87 879.18
306.86 852.22
956.83 1910.7
304.11 800.11
979.2 1969.8
677.25 1122.2
546.38 1118.1
372.08 835.02
517.07 1009.8
626.44 1126.8
601.84 1009.7
461.8 871.65
599.79 1052.9
376.84 884.05
268.84 836.06
429.68 822.53
375.59 881.65
534.15 1039.7
706.02 2207.6
444.67 993.08
572.79 1083
389.46 913.95
366.19 828.12
604.29 1107.8
575.3 1111.9
498.26 1206.8
405.79 839.9
406.16 987.54
363.77 793.89
366.93 1219.3
466.94 994.9
376.49 766.13
604.29 1107.8
500 1500
571.63 942.2
509.91 1156.3
356.83 907.81
389.46 913.95
332.62 942.86
607.52 1214.6
475.35 989.13
691.11 1225.3
481.2 1190.8
936.02 1717.4
396.16 775.58
588.91 989.16
372.08 835.02
575.3 1111.9
452.93 1065.9
459.77 1144.1
336.06 870.04
552.78 1001.7
300.28 917.95
569.3 1150
290.1 1002.7
691.11 1225.3
207.2 975.82
367.67 875.06
578.36 1018.6
424.67 1110.4
477.34 915.94
442.78 858.01
477.86 979.4
506.58 949.11
569.3 1150
407 1051.1
639.92 1061
300.28 917.95
500 1500
532.49 983.23
695.09 2280.6
347.84 903.95
840.4 1010.9
335.92 932.42
588.91 989.16
367.1 717.57
569.3 1150
477.34 915.94
213.21 1094.5
506.95 933.39
449.3 925.85
332.09 778.14
477.86 979.4
660.9 934.31
330.74 897.12
482.63 996.93
631.79 1185.6
207.2 975.82
264.59 994.45
223.06 908.28
587.99 1110.1
552.66 994.32
500 1500
498.26 1206.8
499.37 1023
334.88 856.52
623.86 1086.9
426.67 958.73
500 1500
735.37 862.75
435.74 925.31
504.87 912.22
492.83 1152.1
323.51 857.73
620.02 993.95
397.69 896.54
346.57 793.75
450.49 893.05
549.37 883.26
547.67 946.32
375.32 924.42
479.03 925.69
396.96 910.4
506.34 994
956.83 1910.7
402.55 1017
446.04 1268.2
691.11 1225.3
331.61 830.98
649.52 1081.7
500 1500
489.84 1037.1
375.59 881.65
363.87 913.55
360.43 1037.8
465.7 917.71
354.47 831.31
433.04 844.15
724.97 2200.1
375.32 924.42
402.38 1035.2
331.99 822.82
405.92 788.33
688.95 1073
369.04 1036.5
410.98 796.79
722.88 1050
309.68 872.97
337.63 872.49
751.28 988.99
506.34 994
373.48 798.37
432.72 731.57
407.11 801.67
504.98 1168.6
552.78 1001.7
623.86 1086.9
620.15 1100.6
308.87 1017.8
404.37 1011.8
348.2 974.75
600.36 1137.7
461.8 871.65
392.34 975.32
376.36 790.96
363.77 793.89
347.48 679.32
631.79 1185.6
450.78 1035.8
286.82 841.85
455.7 1004.7
430.87 879.18
290.1 1002.7
734.62 912.89
677.64 1113.5
489.84 1037.1
348.83 839.52
432.72 731.57
436.23 933.22
502.67 1003.1
455.02 920.01
486.67 1175.5
716.68 2105.8
500 1500
317.79 709.75
616.49 2188.8
629.73 1067
510.12 893.33
404.37 1011.8
567.76 1344
360.43 1037.8
484.43 927.83
459.82 929.45
544.41 973.65
341 835.8
458.78 928.01
846 2245.4
415.63 1348.6
578.36 1018.6
276.57 843.37
263.45 799.3
552.67 1013.6
626.44 1126.8
393.75 956.96
734.36 1157.8
465.7 917.71
626.44 1126.8
406.34 912.62
259.11 889.46
366.19 828.12
304.02 882.74
306.63 738.5
367.61 736.79
348.2 974.75
498.26 1206.8
381.16 968.91
404.1 787.16
304.02 882.74
530.02 1100.6
565.36 1056.5
660.05 1263.9
587.99 1110.1
361.62 742.69
444.67 993.08
312.67 768.15
660.05 1263.9
365.23 821.94
383.18 813.78
449.3 925.85
474.66 1230.2
637.89 1081.3
548.6 1298.1
405.79 839.9
606.98 959.08
531.34 929.57
486.67 1175.5
324.79 793.23
963.5 2150.1
400.51 749.41
568.19 1066.8
370.37 959.25
377.88 1012
398.4 773.95
604.13 970.96
344.18 944.56
363.77 793.89
415.69 1004.6
409.4 832.39
459.82 929.45
548.6 1298.1
349.99 959.65
519.53 951.33
370.37 959.25
455.02 920.01
308.87 1017.8
654.15 1252.6
390.38 829.96
611.52 972.57
363.87 913.55
616.48 965.89
630.61 1155.9
533.47 1034.7
369.04 1036.5
287.43 833.95
349.99 959.65
465.84 907.98
542.24 1017.8
376.84 884.05
396.96 910.4
324.79 793.23
289.05 982.68
526.49 999.28
304.02 882.74
510.12 893.33
549.87 1035.1
518.63 1029.4
626.44 1126.8
473.42 918.55
451.78 1085.9
392.34 975.32
345.13 804.52
333.93 806.53
431.06 850.34
415.63 1348.6
660.05 1263.9
520.45 1031.7
569.3 1150
398.42 1392.6
956.83 1910.7
515.13 869.62
536.79 912.1
694.76 1038.1
304.32 538.48
390.38 829.96
375.59 881.65
330.42 773.8
459.71 1196
404.37 1011.8
645.67 1120.8
371.95 772.58
471.05 1045.3
512.12 943.83
304.32 538.48
454.16 836.6
439.96 882.77
509.91 1156.3
367.1 717.57
402.38 1035.2
409.95 844.74
479.96 1059.6
516.54 1256.1
255.56 1058.7
616.48 965.89
263.45 799.3
308.87 1017.8
540.23 1058.8
523.12 885.11
534.15 1039.7
402.38 1035.2
531.34 929.57
543.95 982.03
397.93 719.7
479.03 925.69
287.84 829.48
485 949.06
543.95 982.03
313.82 1193.3
439.98 634.06
451.8 933.37
415.84 886.58
519.53 951.33
943.5 1350.1
572.14 1056
459.77 1144.1
390.64 843.69
451.78 1085.9
706.02 2207.6
606.98 959.08
505.02 1021.9
406.16 987.54
465.94 1081.4
444.65 934.26
369.04 1036.5
264.59 994.45
560.98 1304.6
368.48 988.94
505.02 1021.9
467.54 1000.6
410.98 796.79
469.42 853.94
500 1500
395.69 748.04
479.96 1059.6
843.78 1074.5
660.9 934.31
500 1500
565.36 1056.5
387.09 778.06
474.66 1230.2
586.83 1114.1
429.68 822.53
518.63 1029.4
312.67 768.15
289.05 982.68
459.71 1196
552.67 1013.6
456.57 920.21
280.23 1091.4
386.69 1484.2
396.96 910.4
456.57 920.21
287.49 791.34
630.63 1051.8
393.11 860.45
522.33 999.88
535.49 1302.9
450.78 1035.8
660.9 934.31
571.63 942.2
399.67 744.1
283.89 824.08
943.5 1350.1
490.08 993.96
513.79 893.75
408.12 2083.5
467.13 1222
465.94 1081.4
366.19 828.12
330.42 773.8
552.66 994.32
600.04 1141.8
379.98 781.8
936.02 1717.4
332.01 860.66
477.39 920.19
500 1500
388.33 1034.4
403.69 1095
626.44 1126.8
584.18 1048.9
677.64 1113.5
306.51 1403.3
473.42 918.55
404.37 1011.8
286.82 841.85
403.28 1013.9
442.78 858.01
610.29 879.96
504.98 1168.6
370.88 1060
504.66 1056
386.32 954.09
354.47 831.31
522.25 949.31
569.74 1095.5
344.18 944.56
947.08 2208.2
477.86 979.4
566.85 1245.8
424.41 777.77
377.88 1012
620.02 993.95
716.68 2105.8
610.8 903.99
534.15 1039.7
571.63 942.2
556.42 1043
407.46 988.79
436.23 933.22
615.03 1062.7
477.76 1033
504.66 1056
683.15 1054.4
432.74 929.56
286.82 841.85
514.8 1114.8
465.84 907.98
347.86 823.88
451.78 1085.9
450.78 1035.8
514.56 998.74
337.63 872.49
810.21 1662.1
372.08 835.02
366.93 1219.3
556.42 1043
396.16 775.58
362.27 768.44
532.49 983.23
523.87 996.8
626.26 1143.2
450.46 825.62
514.56 998.74
611.52 972.57
450.46 825.62
429.2 910.03
287.84 829.48
213.21 1094.5
680.13 2188.7
346.2 841.79
392.8 803.7
522.25 949.31
559.69 977.3
376.49 766.13
596.63 950.98
626.26 1143.2
567.76 1344
506.95 933.39
600.04 1141.8
448.26 1023
338.98 813.53
538 884.94
517.83 966.9
475.35 989.13
520.45 1031.7
389.27 838.29
681.45 1030.1
662.88 1194.4
411.74 852.62
630.61 1155.9
272.05 760.59
297.47 1347.5
447.95 957.73
213.21 1094.5
706.02 2207.6
290.1 1002.7
620.02 993.95
392.26 985.94
450.49 893.05
304.02 882.74
559.69 977.3
620.02 993.95
386.32 954.09
306.51 1403.3
390.64 843.69
392.34 975.32
459.71 1196
846 2245.4
600.36 1137.7
